10 9
4 10 56232994 226874299
6 9 21007518 354387183
1 9 644052854 811830566
1 7 804073089 988348035
6 7 22824337 536950644
5 2 311892968 769069047
4 9 231055250 603727264
9 10 87797610 421971685
3 1 233327852 856883439
2 7 582745837 710866220
8 9 251310865 738132712
8 5 704143938 754140553
3 2 187082445 228278199
8 10 535840989 859185313
10 3 36401456 424439027
6 2 339024857 750177923
8 6 295246753 584782526
5 3 349640252 794465368
10 2 492727710 704115082
5 7 856805100 903595100
7 9 117577595 853514976
1 5 316484662 752245503
2 4 425150288 704566455
7 5 671269943 757192622
10 7 35871543 301908822
4 8 81702227 93189666
8 4 688027024 723259858
5 6 161497656 263686112
2 8 3077398 941150593
1 6 832881266 876947834
9 3 205112590 967035533
1 8 302954799 614101293
1 3 651505357 920234631
7 4 180890890 259328471
6 3 810146126 878599434
9 5 802649003 986659190
1 4 352526438 464869986
7 1 261572833 443404585
10 5 686535596 911392706
2 3 448334392 868108830
2 6 486326866 581507747
9 2 27894820 989710861
10 4 818890328 826156662
6 10 918360047 982339182
5 1 172711709 619141721
5 9 282476624 556833212
8 2 758090576 805604526
2 9 154382833 284982630
4 1 686754211 990617368
4 7 819523346 858556605
8 3 19091012 542794136
4 2 91814144 123975431
5 4 516157298 569017783
9 8 283172962 311664219
7 10 231370118 246035881
3 10 67142093 449919726
7 6 576786157 615595664
4 5 61502449 635971685
6 1 310437226 468890802
9 4 776228077 896018705
3 6 178215845 754375335
6 5 65126843 695834237
10 9 218362837 226344268
3 8 326765303 504270145
2 10 89916678 607121921
5 10 122759918 591770730
1 2 419362958 436547270
10 8 331199363 570786725
6 4 6861291 158242236
10 1 19834 790796749
3 9 838534319 857441532
2 5 312244931 763106377
9 1 261521085 283008723
8 1 310215302 815992924
3 5 854657045 940859593
2 1 803471688 980520384
3 4 64675382 535665385
9 7 562910755 683745129
4 6 60262620 625722709
7 8 183741051 835677954
6 8 824038607 830723221
7 3 248616419 957854617
1 10 47614539 334534630
8 7 421444223 835771257
4 3 322820070 607684535
3 7 352604233 712950510
9 6 230893853 946287956
10 6 240256353 899468021
5 8 221508675 602248281
7 2 29661854 980827772
