10 7
8 7 306708432 768415750
8 2 558623889 824391857
9 3 22900898 958786971
5 3 41177682 49073086
8 1 302090535 989478233
10 9 28538906 273709737
5 4 310580250 336934541
2 7 391982262 783649098
1 8 99036525 360225467
10 3 148937902 399447072
3 10 199533994 404126126
9 6 778782929 990414638
1 9 21924001 725201732
8 5 656782520 730495829
7 4 66243112 862627440
2 10 239731197 952921787
5 2 424964800 500232967
2 6 197842916 840674953
4 2 298749900 500605237
1 2 171778072 454976604
6 1 244128962 348395123
9 5 394175288 623042142
4 9 31364198 775559548
5 8 559351154 632212044
4 3 143948461 285357254
2 4 38241119 979477176
4 7 334187690 849235410
9 8 889635088 890461951
2 5 585426556 933368249
4 8 628941139 764558806
6 3 708132712 877115394
9 1 400945088 889895977
5 7 272294704 356629042
3 8 374040384 591172757
4 6 46655042 271189535
6 10 17006701 32918887
9 4 216642117 553143906
9 2 437506360 896029727
1 5 17642069 590190744
5 1 352899993 659414868
2 1 58645509 91935365
8 10 6809660 281306210
6 9 42702758 398848668
4 5 209852660 312848815
6 8 263642087 390005279
5 6 496905361 800667455
4 10 511691042 833777482
3 6 422632 372406072
10 5 141070880 695340279
10 7 109450128 383130323
10 2 680797006 903713868
5 9 154692669 605473673
6 7 623373704 740501580
1 3 86624287 296881170
10 1 73374132 505251506
6 5 556785284 810043756
10 8 51785960 732296477
4 1 486175378 905003097
3 7 384659731 775704349
9 7 464454412 592034623
7 5 129760258 756160715
7 6 261258956 875975228
2 8 175696376 659678594
3 9 13620522 862101171
8 4 4941265 106104963
8 9 164450440 370215323
7 10 440738919 553382726
9 10 28260989 273753245
8 3 760011903 907217301
1 6 12167552 903301275
10 6 17420684 579135312
8 6 492369296 758211097
10 4 340628349 470800089
1 10 184356087 731211399
3 2 561081850 760598308
2 3 258014323 681057443
3 5 40620947 828332686
1 7 205564227 424845096
7 9 300618870 889600532
6 4 146529049 157523543
7 8 252333487 830013086
1 4 45553669 103709656
7 1 169738378 848455490
7 3 468199604 526560906
6 2 23174351 891562014
3 1 5926399 756436467
2 9 197294790 268212457
5 10 75566140 144985452
7 2 678716195 902248857
3 4 216022503 789223700
