10 6
1 6 42561704 180868457
6 5 486852955 590254496
1 10 94613022 799997575
3 4 171287567 382015991
9 2 368609400 541632011
8 2 9073882 963403739
4 8 418898799 814136332
7 3 110798098 188829266
7 5 396232285 654541079
2 7 29619882 435220549
3 1 233819471 527349958
3 6 25757100 179321329
2 3 39998754 481527368
7 1 5234519 332879193
9 10 282744965 510647894
3 10 87429566 318753649
4 2 631474552 949718041
9 4 87072344 506133484
10 4 80519338 810787705
6 4 64198537 242316915
1 8 678012380 878413879
6 10 158846349 575900490
9 5 50806918 597281128
10 5 386829417 873752033
3 2 413667117 947643746
9 3 423158548 639590579
3 8 211565818 242532294
2 4 428119964 478681001
9 8 810316488 880930010
6 9 59857148 689050694
7 8 42839247 421420687
8 3 258881904 955716858
2 6 834129489 881976230
8 6 118581470 531865287
5 8 454305509 979630859
6 7 26653388 226150326
5 3 853168385 910243009
10 2 549569955 623806491
8 10 461380467 959583681
4 10 494232924 651543552
8 1 713231795 919340947
10 9 73151461 150757413
7 4 138982460 973725081
8 5 290028957 871756799
5 7 721756803 800375822
6 3 559132927 616341173
7 10 110735963 235265215
10 1 601913765 991484173
3 5 232659970 994177034
8 9 93446740 271431594
1 4 10437477 67121716
1 7 38339479 858612688
2 8 380932123 787009314
5 6 270266036 532985195
1 3 4246284 904852428
3 9 384125944 727097288
6 8 176388327 578093603
8 4 679115839 882806493
5 4 338962059 951997441
6 2 232238267 858754508
4 1 260326498 821609569
4 9 848146895 911174181
9 7 93165202 981939422
7 2 569876432 755349237
9 6 36064069 281515306
2 9 210816766 575668153
1 9 99925253 864312740
5 1 857352454 950849333
4 3 54986631 731139286
4 5 1001414 393264961
10 3 12071448 677909194
9 1 800054007 982786271
2 10 25701039 441812329
5 9 760107507 997295467
4 7 49014726 867021990
1 2 456797727 459464205
3 7 33808969 330565328
10 6 453835198 507287827
7 6 658217887 891808600
6 1 315566406 751693287
2 1 435740872 751996961
8 7 647686682 652924062
1 5 560599220 649092783
5 2 1270358 846653928
10 7 416143630 442587045
2 5 7565117 219122478
5 10 34772681 967203359
10 8 192669065 565503547
4 6 373490203 677029138
7 9 530983358 593512341
