11 7
10 5 332391915 555869306
5 7 559104879 815273866
5 3 538503101 849174866
10 11 286809324 468797302
6 11 85271126 535744477
9 3 530314680 974060588
3 9 151508583 781638505
11 10 415332987 720567712
2 10 538878061 569872677
2 5 573386546 719516337
5 10 34124545 807450785
2 11 536482184 858748179
11 5 961121998 976733456
1 9 422448861 659488841
11 2 40047238 297484862
9 1 78344550 775353516
2 4 891540103 920657049
2 9 154970461 970474923
10 6 181013629 787948882
11 3 518210443 657915766
4 6 384535125 851945405
3 10 362863492 800682938
3 7 244153340 766004057
6 8 239946531 642644247
10 2 51211867 456901400
1 7 248512960 583067088
9 2 83142659 831004241
6 1 121616153 808053886
4 10 529814505 622790506
8 3 205507774 711149457
1 11 32281106 393813089
4 7 546624621 953344227
6 2 128129220 381842387
8 9 512246696 781241572
3 11 4643274 834248780
8 2 529770417 858469525
7 11 57676122 504298294
7 9 370906242 375372722
9 5 696512960 856477306
2 6 169392278 725054147
5 11 279143686 520375851
9 11 157736389 459528700
6 7 25290277 923906030
8 6 12613878 30314113
6 3 280552615 983114567
8 10 50619882 958576838
8 5 807301461 966885059
10 9 573970129 743445987
9 8 513773749 523549697
3 6 574531463 776172775
3 8 242024078 522120645
2 8 62013912 273697774
1 6 534230759 784816800
8 4 557046263 846961626
4 11 518587016 981974894
7 6 280947860 699698142
10 3 555403758 892220008
1 8 123602171 525360767
11 4 122657180 575733392
11 8 136031924 643518779
3 1 90475306 921303396
6 10 326500588 626938969
10 1 703564039 791578849
1 4 657562396 798780064
5 6 24933780 225836376
7 2 68394816 580162934
7 5 34154462 451544677
9 4 286568294 666517830
6 4 434498891 868025815
8 1 873567942 961645674
7 3 95071376 411142193
5 4 611848478 961790381
7 10 731979155 882422512
7 1 657118180 969276048
5 2 715216629 739666028
5 8 835785016 848623020
4 8 9899188 834297722
2 3 66504847 272074094
5 1 581314971 689679941
8 7 165155141 193655019
4 5 145024855 687901571
10 7 478076212 612156208
11 6 425831454 803849815
5 9 717921683 997511915
2 7 435755495 857430194
4 3 395609834 712472062
11 9 149635406 499173899
1 10 194136205 222535664
1 3 489208662 937447433
1 5 478803316 496904466
3 4 448021455 923729559
11 7 160791891 855227165
2 1 488457350 573709723
3 2 291696434 538935064
7 4 223249025 614891641
4 2 588039645 744932413
4 1 569859842 932027925
11 1 453454232 785943407
6 5 113212519 544558875
9 10 60439846 909320535
9 6 420964187 739678574
7 8 361110684 935668702
10 4 169648028 986376060
8 11 895931988 926541289
1 2 255394809 459894711
3 5 139733399 509108133
4 9 478004031 609878541
10 8 414942894 428600997
9 7 403975249 471816365
6 9 540768553 671367799
