11 8
9 1 409758495 451743405
7 2 794462004 973967853
4 1 3653205 702961053
3 11 527860714 990558967
4 7 269425256 303681323
4 11 221495849 606967822
8 1 530493754 664158544
6 10 6791463 358695865
4 10 182997050 845289599
9 8 29966078 651187157
11 8 258656462 393304806
6 9 124181743 240060423
5 9 61892373 881197462
3 4 208790614 821510153
11 6 340034803 572308315
6 1 10955226 727848980
7 9 711139323 759016718
2 8 31891808 398249835
5 11 241339530 736228664
7 8 58087921 945955674
10 5 907520488 994830004
5 6 67145666 988590910
4 9 33549389 402712871
2 1 332619165 394373031
1 2 155079155 460876182
5 8 612957567 619568261
9 4 602307400 690744915
3 7 58671186 181014983
4 2 83938974 978697479
1 9 337413364 669997692
8 10 467430334 733910404
3 8 327015966 585231150
10 7 66901117 519952314
11 2 477576601 836560038
11 9 412266440 506298659
8 4 393696843 667422047
9 7 20820338 714741563
2 5 424768807 847872005
1 11 477674936 571702593
2 6 545993360 666879845
3 9 446750102 986859269
2 9 226946288 325108164
10 3 242326858 448684645
1 3 65463090 893833622
8 2 10808938 711231822
3 5 323373250 598841830
7 4 41652471 42393034
1 4 117797475 123754022
2 7 523965065 882131650
7 5 722184517 803117571
6 3 23055604 811505628
9 3 806690580 911943783
9 10 540947425 745013592
6 2 28730924 673997634
3 10 46058484 191329597
6 7 47621276 626463473
1 5 338619467 490404413
4 8 187285604 521539993
10 8 238679068 650751276
11 1 106335849 206646624
9 5 306961903 690208210
5 1 392597681 415529711
5 3 18813787 634159319
9 6 103455238 189042674
8 9 283087618 345334675
3 6 57735462 201275995
5 7 32988311 713210679
1 8 440967327 852041333
2 11 164439753 283366734
11 7 828368697 944710571
9 2 66766612 692889878
5 10 46024000 842247224
11 3 154550135 337735549
10 9 559846785 567608105
8 6 60106731 113475299
1 7 3953930 423467878
7 10 321422999 348435488
5 4 14286578 823972870
1 10 6293247 336118660
6 4 62429042 906316576
7 6 464024039 968687217
10 2 148526451 938280482
8 7 30266018 703974829
4 5 467324433 722780946
7 11 147844766 185458426
2 4 906680028 916246052
10 11 94721290 359083047
3 1 25352942 177066207
7 1 759481319 845816882
6 5 139342033 553467702
1 6 347684631 644918288
9 11 47211833 494833336
11 10 673082244 943596760
11 4 169616248 419690783
6 11 283157292 913815991
10 6 63152432 565436630
2 10 65591993 70639673
7 3 1576740 370388530
11 5 205180160 967784850
6 8 28558360 131944042
8 5 657586494 798851380
4 6 779061793 961619450
10 1 433388861 438910555
8 11 650865921 835729367
2 3 667945118 938251656
8 3 914491292 984545590
4 3 50130077 853389306
5 2 383756974 406487075
10 4 354452080 429515674
3 2 102893853 383712332
