12 8
2 10 210062994 490287677
1 5 198690049 221617901
3 7 204739753 770779829
7 11 447812212 555202110
11 4 433726525 734395100
5 4 722815236 930942839
3 2 27052249 36698440
8 2 74352296 292061080
10 9 339548130 783536966
6 7 418950243 907568601
4 5 237698236 864805326
12 11 288683075 796813311
10 5 558570619 952278676
5 12 233028247 368705265
6 12 603816564 996777262
11 2 326116090 859914715
7 5 494239532 899113331
9 3 30668038 945747340
1 12 105614923 481807284
4 11 751366953 953541671
2 5 212042848 578921882
9 11 19220515 222911949
9 12 146039704 404921592
6 9 315612477 629093979
8 10 526878449 843909025
3 6 70834006 620782958
3 8 665609504 764768348
7 4 697508550 813319638
5 9 331383584 735547958
1 7 276310253 989673017
8 12 507205198 847388315
5 3 415912329 778022292
6 1 7208856 700394219
3 10 74910802 274350681
11 10 621052900 714421407
1 4 43489992 623499408
8 1 446101022 490276724
9 7 10886722 809656518
5 1 460976472 735269301
10 3 660657402 685429936
12 8 145369256 892259227
1 2 468236958 817375171
6 11 224596351 673914377
10 1 199492058 550183937
5 6 393432336 419811615
9 5 67736943 391763707
2 9 197922515 479458305
8 4 549202613 635540419
2 3 307034128 882220880
4 6 245748974 266632291
11 6 182769129 630806132
12 9 615574678 619240706
9 4 339843065 621812399
7 8 497462261 561672240
12 6 311164659 572289875
11 3 841801297 850538490
11 1 819721486 980548248
9 6 528960137 851743148
3 11 375115583 936191779
8 6 72021712 365997593
2 12 48656030 181772702
7 2 29982491 312789764
9 2 333984452 757787602
2 11 37915416 880205233
11 5 294775440 648948006
8 11 51119816 95683060
4 10 12066162 288498196
4 12 462385145 705499661
6 8 98389312 121071484
9 8 34562007 64211387
4 1 44174062 291616836
5 7 27452966 601454067
9 10 125486788 507303180
7 6 39228622 489386605
9 1 476501519 803027707
1 10 350756069 853908765
7 1 503111993 940679389
10 7 461880262 735559639
5 11 324584273 963374728
2 7 51219665 683432733
5 10 151771615 154901841
2 6 9392473 472840353
10 8 488292192 647175535
11 7 859502789 864123955
6 10 278400529 449065494
2 4 446939396 670358875
12 3 719228774 864601170
3 5 129944639 349078287
7 10 273358427 407653807
12 2 514746442 652023459
4 8 91182247 237311190
11 12 29844008 780478156
12 1 373066597 697226737
7 12 927779955 964059613
4 9 36141856 452537799
10 2 426602328 721618164
10 4 9385129 614193782
2 1 93243912 927385759
1 9 34573827 401313357
7 9 201307834 287730894
8 3 63752356 270629731
12 4 183540565 489253060
4 2 348062184 715546776
12 5 5683791 263619978
3 12 395050506 946677472
1 11 46808406 770039215
3 9 34819750 44040096
7 3 62534017 793891028
1 3 559406453 815327769
10 6 154443514 264539840
5 2 246349187 921891763
5 8 907070929 940578058
12 7 230632233 592525698
3 1 734010391 840744095
10 12 37103925 869878050
4 7 29384358 403577714
6 2 263596996 289948811
4 3 894613281 945234038
1 8 151799364 352018890
6 5 306219126 423076468
10 11 610196664 842630664
11 8 671808014 961825984
12 10 474467416 869432642
6 3 156749347 684083185
1 6 5785368 707154737
8 9 272951410 897380360
6 4 467777536 925956969
8 7 576116837 887283079
2 8 197950676 253292376
8 5 88615637 156523709
3 4 32707984 804474581
11 9 412498389 618382828
