12 9
8 11 366725388 467725450
12 8 295479639 448377391
1 12 5387863 969142841
9 6 176662776 204772512
1 3 462479590 898927048
10 6 703445836 801388516
8 2 263958403 995927421
8 9 299816170 340754241
6 12 621135702 690613307
2 6 209028961 285504322
6 2 415622013 766150761
9 11 249362806 785365842
4 8 146752923 597063225
3 4 839270018 912469631
6 8 496358700 496523397
8 5 42081229 730308834
3 1 245491361 317311310
5 7 225965785 484556418
2 4 850493252 937606077
12 1 42451340 696803685
7 12 6918027 308508735
11 8 22053412 588471937
12 3 533448721 828595894
6 11 164748440 687599251
1 4 20838408 94062758
7 9 401059209 790691290
4 7 451678042 898012861
3 6 135593024 690385581
9 10 231680254 297466154
7 11 332330939 596483891
8 7 151349054 193382612
11 3 91693811 571790533
4 3 431421259 812825836
7 8 57052336 255672070
11 7 405354217 477779843
1 11 298397551 948974104
9 7 499111987 539709346
5 9 279139448 972761015
5 8 104324947 844891855
7 1 43517303 713129148
9 5 725856632 783675998
8 10 233423931 389473035
8 4 568274148 851319654
9 1 592547802 823678898
6 1 280702064 480078888
11 2 583602995 815128360
12 7 45731960 181938511
11 9 282622379 512364207
9 3 35006172 614861039
12 5 48816612 469855876
4 10 181003044 795607043
12 2 8931649 984006708
12 6 30940137 835161441
7 5 163399656 484637481
3 12 168237874 306962793
5 6 207660116 590087888
6 3 54549407 181542239
10 4 294876304 296725717
2 7 413463063 623301088
4 6 262482899 542798865
1 6 173288575 812474272
7 2 119499533 218263908
9 12 45290276 698622518
12 4 477691042 988089277
10 9 573440705 580826937
8 12 64050180 892976601
8 6 134676947 659095707
8 1 860087805 919590437
5 10 17370349 986112656
6 7 406258299 817781365
4 9 538094538 617262863
1 10 308329566 492722039
11 4 104270271 357757813
4 2 88758376 929604482
9 8 120911215 400999354
3 5 242203650 981689371
1 2 470352470 713686966
10 11 78309027 482056990
2 3 102094597 514490160
6 5 86149877 629903697
3 8 522977753 948242881
1 7 806573003 873693859
8 3 496684149 586179217
2 5 50711634 926929781
4 12 149041093 685727057
4 5 92863209 112248288
2 10 285741045 456717805
2 12 605541397 634127070
10 5 373574288 401172599
12 10 310981008 402445195
11 6 220294046 398253197
10 3 177574995 917396696
6 4 153807564 802273512
4 1 9290849 468048968
3 10 113236546 552511871
5 1 554484996 567486957
6 10 82812095 136448319
5 4 85287353 90743743
10 2 34763865 707461497
10 8 535517796 698409317
5 3 402495197 444649638
3 2 308307364 586324173
3 9 2776956 242091945
7 10 8900887 27679125
9 4 40031118 283710415
12 11 72674803 477009723
11 10 370740714 961040437
11 1 32607152 424680873
5 12 48809963 953827907
5 11 687584539 796299571
11 12 189619553 378286498
10 7 52729036 865279452
2 8 814614626 867820303
11 5 103676959 393031017
10 12 623962129 922056471
12 9 610427425 847656099
10 1 565861353 708566904
2 9 102576725 106281643
2 1 410549454 819684333
1 8 18040083 83541189
7 6 379763857 978576110
3 7 272421563 741483680
3 11 14596781 345134026
2 11 467893070 884543053
1 9 808905230 893048436
5 2 486924077 822545155
7 4 392389106 411024693
7 3 417299003 438151644
1 5 128155365 204819499
4 11 151533297 787699993
6 9 492591680 858534802
9 2 330017612 903226944
