10 1
1 5 760137998 851661231
8 2 139011657 715382231
8 9 194449226 738868607
9 3 381482209 919350427
8 7 219168693 503741614
1 2 232025248 433777443
4 3 290764755 777935039
1 8 69594093 180059368
4 7 73383499 118813384
6 7 386548765 838702947
8 10 278711947 646883010
6 1 704237723 864962354
3 4 366920282 659670618
6 10 340549237 828600079
3 5 72652011 240386189
7 1 95001018 312908228
8 4 64308367 707012062
4 1 779534648 928676560
10 9 272411484 492410532
4 9 560897989 964770130
3 2 480160874 822049764
5 3 184206217 306622942
5 2 10129005 495695215
2 7 696627518 989348688
10 7 314600369 524620085
1 7 436893383 494866016
5 9 699323313 888622723
7 10 67351121 781986602
10 5 20475857 119999463
1 4 53039382 54396200
7 3 71097329 568657473
10 2 314450566 374308009
5 10 543927211 807128153
2 1 299248277 782794481
2 8 71102855 503112347
4 5 65100162 260314020
9 5 302542328 966701669
9 2 217308129 740584883
7 4 389973466 474719190
3 1 248901746 653683717
5 1 209942437 248957121
10 8 10905981 259250099
2 4 54199655 992558410
7 2 480902222 668100076
3 9 160808772 996427711
5 4 629074303 672040494
3 10 681591630 958586525
1 6 759810292 819328353
2 10 130322119 791472436
7 8 586815820 872542862
6 2 704978549 872573660
1 10 119573308 282360777
6 4 347324628 496496365
2 6 170540130 239968704
9 6 353301936 759397581
8 5 95998144 886093449
8 1 124182346 227906935
7 5 21699747 901977006
2 3 202458712 983777058
10 3 45423546 440680914
3 7 175794331 338569287
9 8 623698427 928134144
3 8 136933191 149426419
4 8 116582862 935402251
5 8 34966956 746232665
4 10 524769216 809362154
9 1 3224476 41436748
5 6 2450210 54247639
2 9 148382465 873852489
9 7 367327750 408680059
3 6 473454458 968238939
10 1 362912197 958853511
6 5 464390146 929115986
10 6 249002461 585807436
1 3 48014862 542809911
4 2 422571930 429114559
5 7 620289526 974085114
4 6 279802143 599666771
6 9 30721660 809660388
7 6 64324360 749338497
6 3 475396766 829440960
8 6 46717845 677451892
1 9 494432994 818897579
9 10 45066247 546606039
2 5 600027761 682927238
7 9 548429972 839028101
9 4 399413974 784980506
10 4 612383537 784100361
6 8 79933378 852167038
8 3 38806270 406505382
