9 8
6 2 484962713 658647463
3 4 541813315 706980621
6 4 156159398 507109190
6 3 650469940 932636299
4 3 160813991 624564868
3 6 357756095 602417269
1 2 435086072 814077080
6 9 1403845 256156786
4 2 7428878 135026245
1 6 215354079 928492279
5 4 313354053 558060684
2 6 262322231 677024064
2 7 562810803 894456529
2 4 21851030 563718808
8 5 120174203 876443062
8 2 812438457 850790988
2 9 24527808 266802170
9 3 338383460 935283026
1 7 110760063 640046547
7 4 763591964 956898249
2 5 142819676 446633695
7 5 631930644 847746625
2 8 125020470 553901780
6 7 20552884 571412229
7 1 173232345 206614402
4 7 44489513 79075342
8 7 67374661 698521596
1 5 59821935 640603643
1 4 698766304 934621380
8 3 19086267 629888909
7 8 30699352 303201757
8 9 42984872 344715680
3 9 3634369 592843612
5 3 113518786 727111904
3 1 364345358 790042815
6 5 38629518 705710353
4 8 13606200 979091027
4 5 802048993 892064540
3 5 302483900 928574926
5 7 188368924 623972298
7 2 72713513 618664808
3 8 291361465 337205607
9 4 63394501 920827593
5 6 22790941 359614895
6 8 61575705 280771938
7 6 70997271 940886537
4 1 48713851 241142279
4 9 604661442 728836085
9 5 628427325 634946054
5 8 302549208 821655627
5 9 127556584 686684614
3 7 145140872 976651669
9 8 731760100 752299521
8 1 623044020 664522287
5 1 316200558 957088846
9 6 58757027 69389203
1 8 672864622 793353952
5 2 187324007 205672987
8 6 9223401 651880955
8 4 188370723 682715135
9 1 287626825 483311085
2 3 471627026 547099814
6 1 357300159 599574657
1 9 65142815 150498086
9 2 424765595 591842323
7 9 46963178 845105374
9 7 32310602 154893427
7 3 631047775 904681048
1 3 593002246 988096542
4 6 886577762 932302929
3 2 243173952 963874294
2 1 449356126 543667969
