10 9
2 8 8867281 470903964
8 4 844022268 898454406
1 5 71423032 482285876
2 6 95200164 268063273
8 7 482828764 960723839
7 1 38935089 395345873
4 3 340273557 823314763
7 3 29457243 434072447
10 1 699220809 958693021
2 10 185046292 472621602
6 9 829168811 896217630
3 4 22671881 887762060
10 5 41252197 181022941
1 2 436034776 713695890
9 10 712912255 789271719
10 6 159335210 178360533
2 9 44972192 299974581
9 5 735032110 995555199
3 7 53707691 816143838
7 8 20019287 498715349
8 10 364091382 445099115
5 1 127483269 682938615
8 3 671776313 844307067
10 9 484004711 972126615
4 5 110569967 233350247
5 7 834561648 852654387
1 6 75455568 741978919
9 6 40838182 208304442
4 10 2765642 958355111
3 10 32102547 164099998
8 9 261894552 840640077
4 8 510668502 658884441
10 3 86531028 468855188
6 2 285518622 815028451
6 7 242619725 590642896
2 3 29365704 105680109
4 9 748772015 879633533
8 5 243561079 586303409
9 7 540298848 574536165
6 3 84506039 208911680
1 7 480447337 939942857
4 6 557302190 848281340
8 2 499171008 639064664
3 2 326065673 961927694
4 2 279307136 843406369
10 4 61739652 372073862
3 9 347313855 625630904
9 4 158432196 428842974
7 9 49836826 877436527
3 1 450870723 892336713
7 2 322917578 383796754
7 6 24695010 427014154
4 7 271788764 790144699
1 9 160974169 978384438
5 10 13710360 534150851
5 3 10998196 429348991
5 9 6077823 729434104
6 4 411745703 814075712
1 4 164925162 253638791
2 4 16322132 842537486
6 10 63881599 498473376
1 10 330890165 613609480
10 7 923827284 936146014
4 1 194048187 374210722
5 6 456696218 998174703
7 4 342050046 716693653
3 6 52163391 234953432
9 8 82602844 159429987
2 7 495727478 501621552
6 8 603723609 705553373
7 5 413367254 587637757
9 1 39579722 814725029
3 8 227152213 375268539
1 8 448018523 588471183
2 5 277462156 672580299
10 2 38338979 723266005
6 1 132098428 633943322
10 8 97936020 915861279
8 6 398752093 657833339
9 3 62664762 466322758
5 2 51060945 897711098
7 10 66183507 172034086
6 5 761379725 905892203
5 8 478623111 652797974
1 3 93726434 944482731
5 4 126319454 959091035
8 1 191859332 455112889
2 1 293517940 364331278
9 2 386895227 806059042
3 5 524574270 723536219
