885946835
744834497
838758522
261969557
605170720
993103931
504548685
555074779
845340557
705544651
902040239
367039298
808204215
482693693
808469119
640136512
624426436
937385148
603485378
866989808
66727680
677225168
429786577
789510234
108145686
744872604
488130173
793078366
348736331
990718224
325087021
253316148
254437409
266761595
790911986
143765470
3997175
334222705
338291082
924628211
783814343
720342301
139693214
887662305
940126590
467167887
980458233
270900759
979483269
767989523
508123858
673979600
707035779
321662700
395749630
352251046
1
54517701
658688803
845614018
649281533
538254953
216367102
216149128
451144233
877167597
68408031
372627476
299813302
252180563
681806235
836621170
52558009
535045101
614099917
599038320
10184620
495291629
20092781
964252254
478302847
101505734
805313761
903608770
501901513
961304469
369255655
262176592
145390527
703939558
732876118
629440487
462862825
734114467
785811825
356100734
396275662
182809052
57867958
342178262
137114175
716719808
548385058
785083216
3
247288923
106769129
126054056
316031561
591029408
222861487
310155758
364009676
945865357
354456827
137904442
252679363
327311470
514768804
65975955
836200120
876053018
640179858
80127655
133890851
99596919
133076721
673048993
872016458
258999719
551012075
420432484
832543249
214958321
518322886
786418535
323129785
999757624
926689877
722421193
319561600
736536680
120554619
677942940
132065703
613033059
825213306
519917809
36011346
781254653
711452831
759507368
122871484
226423486
140478219
196150425
851577879
792991511
739006104
126498160
72230033
527692227
646782652
894255498
384697553
520924921
340491137
110648812
276280115
921095273
402365213
811124555
13
277326919
950372801
667169127
618022254
342390243
620526864
9894115
801045315
7
692080381
452915789
388589942
199115109
960756712
602412066
371837540
889707819
706549043
948059939
140355107
240378114
419551404
742533075
129719255
243910236
821453691
109758778
43785508
244408560
38232303
899777591
404837119
104438957
406535202
474029382
342231142
929549738
946632335
630179952
469414712
952362317
715505379
724179345
185562826
119137964
111287287
818598115
302540379
460301794
565598691
673040630
589948424
778224613
759687497
463302362
573075504
195940640
650414024
102368333
201739856
200657509
792428026
349298073
48928990
610761569
726718016
551708485
207505191
536376580
906318038
126294584
904170652
153936557
907875730
980740253
527872102
609754659
180167020
940896773
309968816
148885961
784700462
794258106
666373238
374035982
333949095
445214280
768428709
986155709
223909243
636656996
464854738
69532150
7997448
818021886
663184956
214020094
363128974
263685541
98801503
672184720
832918736
320094406
490268472
747631411
168834031
297773119
399097079
390617655
394428715
964711449
874975684
135015561
249165779
917922732
311284677
948963881
990305012
584416884
383515636
401723754
510380803
202545257
946658936
314631053
726832781
328112374
365141473
663690196
284133059
38151206
656363675
687396233
897169706
24164305
156380464
31803402
948207893
556633264
920760758
848314319
529252977
33377169
104685057
309021896
28025995
64976569
227050934
92494130
69290088
849563642
944293769
151816002
376775186
897566265
384373899
287297597
835313245
903584120
876096416
933141869
675941026
898222276
467949209
279521130
942151777
721494255
700957449
334824237
39815649
395167814
166362979
507837229
914554192
637268248
856463564
909894838
626194914
293405965
779619483
615551168
310182099
908451314
224040760
229146054
628248238
200627076
511135090
271847254
288484709
605105353
969753896
250243570
339686121
83723629
611208800
900984484
869023788
179261631
780653932
893851005
229280789
545825393
277910087
348052749
689168547
253519073
232979089
940505253
920834039
533226217
467299825
2828005
596389730
506518649
893188373
878182443
996378092
612253687
823675930
8341284
611822309
634420967
717933088
53079065
818011436
329767494
286023021
61077175
404065883
601057020
262802029
886569557
68330295
48675529
871837920
579708690
889162442
911207506
723597803
654197964
213552173
491740131
600675374
751280118
882597923
268332529
662399326
929166234
5018471
882458973
831243159
528493172
517567289
634598845
962298060
881124853
121420956
18731783
350576466
288775634
23083783
984533517
372032656
119333801
702352958
538249850
573116555
735445839
969150668
463824242
876238805
598042880
774692243
924076000
994485430
655275612
632182570
482906080
208492739
960545688
789036545
126647864
652793308
917571758
106341133
791860431
412443156
82663624
291928139
405929562
982880829
6331150
474775470
676711125
989351796
707228213
979341233
398075524
142855948
803920475
673825069
332982256
340254857
245224251
56226786
537233531
82990031
382148551
135437377
340959155
726754301
222556344
405741196
386368796
278644726
856046503
312232187
933189288
106163267
385485197
191832112
877581341
409006614
628261443
175275371
221734984
808480923
932498625
895211877
405901444
439599812
162831420
344937271
179490712
849289515
177985961
861963578
455972346
109103574
118493927
760217845
192773574
123945727
292973037
338350314
751861188
713208623
986010983
373537024
965323220
84911454
704579176
220248900
323533951
592210916
657429196
26673612
162537073
955377810
915060572
243473962
454532810
954977620
700982479
89791653
431138138
232146652
304177514
409186470
877748995
976572164
409285759
344802076
47621982
305969913
487736992
536170446
971099736
50457037
153378081
247774114
855642226
512632747
353217744
292830477
701753664
796291767
904571099
77589321
543955693
382434707
518225397
613353603
804798686
294650628
464013244
557009116
610217729
458247720
562208302
215749199
610600637
726953829
184883861
672691581
268674153
474999262
879185280
739673735
326115058
516789321
368149870
618367147
708982673
406142126
579234638
712760478
488828717
238557245
68207072
582025527
843957051
383002803
368005810
91286255
946184958
28571559
704854581
996798355
230069902
177407232
225504503
871786808
754939719
235142992
124645907
978723456
306003438
451126589
90026340
996739186
684612707
485900131
620724170
453020616
26856667
333248178
234363482
24527438
904029233
742029496
682238290
363222825
13022561
170746805
975492106
626318744
759409659
826927786
870636236
534632548
90704605
324671104
600355095
723470843
404577142
343763148
554594653
992592983
642223826
953207077
712986533
624714602
663687410
733864240
237767068
812602532
881016258
31118202
884796078
430990621
34
299434782
55270947
757721070
800116577
101443024
303706319
69485697
391167516
171894765
136061938
527147433
927346305
375222031
346946501
682585920
120266814
885661532
433120595
896042343
541284289
573521100
109025037
856854881
311616735
496201645
482858377
880996377
623326779
722970940
855581716
969048680
714570216
838157762
715773474
852911568
20680208
64085641
959934754
520003399
124790359
401582872
953969592
730711668
2185397
363527201
590234442
181022155
372561519
354825906
673107690
62560648
843078700
249079059
663974898
412425044
696601490
683685605
400829485
42584016
316186002
789720886
926066123
708505566
986983069
427988419
881514229
396452270
307658460
229474604
350269141
92
944207603
659475690
857155571
470367661
163102458
907426203
772545094
434933482
862568096
589614319
87754293
587032451
425702677
584292197
706689355
228951146
738837212
587899496
315254463
664453960
130261052
829139369
870894861
780571015
591617950
327730637
23
644300710
113587590
80610079
182082709
702454075
475784392
843698030
446050729
305145795
552040816
656397378
353036715
894364912
556110116
750803496
588112900
434736647
296800255
583321808
713380706
281070043
91934269
856329252
453629962
117027588
143463469
310838941
934970596
231472319
43435220
164907600
468704266
32725559
390917832
820318062
187725141
48015660
720153913
642255660
634875553
39999552
950243011
171197292
838340384
120507304
228930552
22918019
990606859
26335727
125718094
558313918
623283709
877528876
734554631
565059372
224704087
480108268
332926684
858814827
362144401
621940117
934927528
56360495
815539491
330671352
588578860
367933035
414894611
211107496
600473501
682791373
381683042
791664793
866465382
747241391
993390041
203375084
416677811
50954663
282235086
389394311
305763076
858154286
931498014
725417578
472947626
347112171
65755281
88968659
772546787
94458816
752409861
519931415
609408051
508444759
229112983
952695535
974003963
230081033
681753460
743723259
657185680
399001487
730932697
933202333
65
96993113
175171046
783759040
95086130
918020456
117162729
503816578
74482915
703914445
42904116
221590149
429902748
310381200
102586682
161772105
571907780
177561040
124963420
818536581
621922689
308307119
775994926
436603530
977636807
753925554
135696337
2790382
107992582
82660349
211762606
749706620
425429535
225825056
601259966
273629992
241532215
363485654
950583239
39338413
627286913
12873279
651147700
981526377
868183785
703808495
388975312
381034964
483621128
994719441
964418739
398360290
177565014
25191932
242479025
33563287
463558928
18252116
20862133
72177062
749698178
905821695
271032541
453942467
757134858
604371282
346230230
300356876
675934527
855690394
681773180
526655835
46
549296385
426691670
519906852
549392920
943774265
709389657
846610980
655114195
792395313
180079689
992866856
299692749
963725480
906814913
537172196
901156021
953309397
613428911
930337667
169027266
706049892
655982952
291322981
629737795
656800346
622528710
913662497
575910857
778873183
708162043
300131552
198561801
664274064
860934583
469802297
891512736
796672732
106724856
126669114
992335740
551258669
10449548
115
607002458
532766967
21728669
936299638
269381037
70410986
544766815
297601202
554984295
198052699
201379134
427993259
535380065
74850037
520483869
315879964
202494034
151249016
27500527
41596699
527392214
961680367
965625469
393481506
201972211
