1000
801549136054373846
392582033805179557
511878130372372526
257940111599777085
892475885170687386
927426094533677854
809316024616696758
904026570459712740
528493133557481688
346972671880529150
563620129550373847
19946657724248713
972555064613600065
138484386550578709
22776759613052249
12047634610372688
737477001964872713
817632270540275042
157074299711332930
916871221531308285
273852672429599171
149812231669975240
127011103466517187
307554332981085884
832520811075094671
768732443063348324
132351978333876332
550501439625350082
758829860829737527
958442475292238973
152975214213722970
633791337353153740
520363401302993002
629035714137624837
910033847489233239
752395737234140621
256460670505265359
811644120009741095
220589094068367059
643018714484078750
720428674705378046
819254303874299136
149706457912918585
217377944402118024
524988330103566563
264436938573609779
524086868332574957
3318306726551037
546651525769275557
885161499248885919
274868200882032236
743562544660904215
620542935907213557
592878990954953691
966556752943588740
215026935504269913
1
436531314591518444
661032835894309716
392601416214108732
817659751540647580
160027935159206110
556590631805652119
126270903212212420
381072892716385430
915202664690024809
691046684922918029
248927649440389708
730835825031375498
473966684734068373
794355621194763842
713110065194868206
905504670356647239
511455899423200337
916406969717624762
674862305037155912
649162259394868389
72701813443362335
375564299000321756
688806345618562067
859551928447888884
460517925945324164
635738181616681151
149303324263535301
631658606451167193
781872249636208903
884022719447540402
472458158407286576
421490534823235755
818108109841959279
252415704450401656
713574289825161227
147537025357573708
682751965534225809
575890125645464139
327272822150148290
514460962101061779
169087129256107289
52162279849222663
562489392263241202
256048353102023985
450811147811480264
379829185688018498
965561123219944463
2
496174034554281039
634271947869021330
243422568840030208
658327070794586335
77502240602715131
209988180795063151
886129912078752202
115327814177950264
76803830404396113
557879802768353651
328506403933155652
745347551464952015
844618368445574523
378013515557453462
839290303234274419
776053518497770466
766521593710863651
303034240416800534
802472997367691391
393767110003764120
350022468915441663
882342888906780863
797232808497187853
327529718360537768
762261477626926421
657305537126500871
936787701484354582
989630223706356462
238322344082496729
573156715969102612
290805017789960783
492353924780184392
522382515372615196
656265235911952641
650141754649685489
198552180073369535
82109864712759854
183980403977065174
452924100173567604
912205824855143337
944061698202945359
943028094327478480
127146888721885135
63023761102757357
420238277460375169
918283464367730017
445147969214544242
728670280284921576
703851518020897626
121156600331507816
707831999033761487
88575042015109280
721039853909417280
340814045043463219
914357441629987294
832820949799289102
742393860464655198
975624026336218323
373603495642879968
200530899866336777
396351144734493230
494046383611740416
281592899431673822
869942769141650303
569251262894844678
470175790932813135
488096282938121067
4
954628275277958616
647840221113346401
64031996370563390
677887268584308885
947585327908080812
380717651138723605
704781792543730084
350493162277753229
3
498148132124476264
237145231546733933
372929004098799588
282936682279585098
927629908736207284
130310957834989116
982396722468908986
418992023265102501
666666
981417527887143285
319658100234707468
57183135980191850
610808981392648868
858978585348191378
152257231674376392
549580400159789040
785767672064506926
16874087370695686
520498278760555737
185815549864150095
699743540514357675
225296915439688613
762790843158339206
850239152185846849
805593578236980056
95488825706424683
338819831081871158
97760146711463353
42615162301082764
95620978417420811
592616988553209326
323441541253403488
634484414128256214
534267364514787219
78918114517689646
278892756261698613
525433384424549170
636562955597750798
266125028162001704
908808288468915564
346304677044472610
340356459261680137
682622817907123162
108177814898603458
855758507228906433
359556575893370233
102873378982612309
233333
285830394216020206
500162084845430276
616878705031419294
598332355572001582
102689057901610598
313733839571925472
169716050465045221
437107585939518129
54099332989428962
410653864643927624
982217068463881675
633197363289936823
12403317782630755
869983752840903749
990778462404261185
701296471203328409
38409500760462834
247646687959961404
46200676559492342
921247995029207378
852089876165874996
891828901469836668
572517203673662737
837391573690383063
465358732736296733
481616789977414386
93922874449063112
865665885533408431
361567833404102764
495795142431186392
421016605107179015
232639129875306948
907717150419213183
329369266235870491
161979889740223484
37912343810210018
351000734201183160
738973471569158475
650434326542807794
224295616488615536
539120033756791384
796606131548638984
194038923048958613
140127461229017044
286062291988217315
580480084033606538
187943690522622429
692286858136224115
273078400238213899
107875219449551761
856507406377964933
561526048934094321
757982632758673392
320831219292242886
752259848789438421
246642112356358180
432911850908469536
936784044877271898
107370699725554431
84513251539015263
1000000000000000000
976391498696970453
694097979269893399
899879787897489502
312406788168886307
695680917024854152
987327915953024589
530592494122362557
472612285333047769
694215225310715199
387124573588805879
678903926837562534
704355652590112746
634823558876863201
389719969004090315
880876636265075554
887885485921509963
762292008194982681
938214841607359986
154025963058911262
97012367306954826
767857438059633634
591722712492983570
782009616013724497
228038524385354648
660466875474757677
319587169610644901
912563776960146069
849903118920899923
937228486721000078
552716014313950414
88043836361704468
108610487663809872
385821581667029456
503241489881642172
392932374748193893
131746481905632024
384962651633125262
977858545521463985
107826454864760294
633097264753932569
24220758953433323
3830113122524964
663030483479354011
518756263145486816
123991934046535987
591078893418340285
571057786694707103
860975620424240861
379636245418008123
97044738854480833
8958974641711826
791449492115407367
698831603505346414
939833632779592174
734565331185881764
606225979373869178
970155590428810737
231442113413394624
899645879492136801
499193288453386254
202207405416613817
90309061956096109
653994122965935901
775718545786625545
621298820840145898
317616608302206790
590236959912736
520300258654498975
776915971308284259
71354166051704718
148687149303424949
354818949893468607
662554236368166816
565614132206868416
220746882769175959
367758482775608426
610451850497564967
872499594286290083
49686572398663101
53095148286129119
155929546920384559
300575428078775696
467172139070000872
161752100868926562
189243924954314086
864483012256680528
801255909919393073
148529435512493791
174747587784810585
437354663935634279
561144732312978392
251934589540523400
151044338123563584
209411811240817700
236196366595256489
109254740568073047
232443314922744443
601231633579312869
524911572298979785
156756364316513519
398334190416809303
587764876415832830
484689692434074962
73845511860567021
195467999969336462
131534272201110779
14494092944120531
266871998800425951
34379788495927805
138403594355558590
385411809625382667
671611030396641659
573225788041839662
510234613581090193
250609187469638022
982743463246220219
898567411499400473
935979223711333488
263048926866148416
916155960950519542
628690682069912222
552654142327386072
315148523908785449
608789397996872195
468422202867544382
452132933819039284
187669122294297090
436973015211410785
304140284248238258
928386458887185890
161544538673733047
467017842727924818
41088546391435931
346912967105276761
623726489459734549
583597778509807609
968977373251345140
95437705352907053
216881691550910357
872872436795473016
376532188845845236
568305213435433549
440401229721986241
388880662647670799
989639076699788672
574369565523928604
146327305146040317
330561980901405761
409713382109746632
330733312234428054
78415078072447233
988840511648264449
115185896727296007
856780374469304405
90477079337611430
264378978462947773
985552780837086217
189492800418338005
763150554056285287
892412936185054329
127219011035169256
198666661655647876
65020327619519490
399704598898586382
973181528520038519
775286316509464285
421309134592753966
366703500253955612
533071511245243938
399266340708435599
737437662151530775
694573162862858853
318857639508767581
948947326365968272
859430163128133671
905574667531237308
852367424194535252
6282500910952800
452959661598857086
251932890278337078
792917172821632674
724184106786969339
329509304735390908
921656818851126606
176071379321381829
623730530362556190
881908094178575238
213513819057111295
903830253987727833
623112330701635149
892067214682145048
74104513550827741
422106445707974972
869256471464780539
900883207861645834
874586313991837005
1000000000
351375089741558716
738365959578984925
487359597575698077
198909933534243146
649072617813000024
655063469486242975
659244394460496382
30065864279077479
895984507062558408
635174630038801004
164826516388520153
37362093691032834
90179469035375005
757343433796736343
315453855473881568
43822780153083648
398154540660530158
549802917185657010
65397371765289998
889576204461140264
791330818351378033
194669348297661185
644963288131908593
20173515191538160
6614739644735702
405002264429416789
939056365562411718
220278138402058767
944590412582139280
953609752779304199
112184851192479588
324466096364593909
936681459260448837
666666666666
145713978636048814
704997976554418097
891928884706305488
679348598114615143
547320032429127539
157249621438801755
854264512083111476
435280548793109730
914710887485395872
849890464274270651
998311976368187675
486931298945609410
614691184392327032
196683827733720578
687877182983644063
951677730620509737
245911968494980481
986336184682136423
516462710483054752
599946483491198055
600660446013435634
170674060154620811
423097874073649847
584699674797645398
579946614584906356
207586667659276161
318274409310886018
18971079328684593
301638592228013454
920928581732011543
116233429825919665
216690213679460118
677021114342905757
549885441387422866
616490390823717935
689255979415015085
332066932166246147
833981321535467889
769351766074878996
381806380066918593
38971963198111823
684022420742992071
344232998751103507
805812830931794174
990707475030026045
765544382921741071
310470796224384087
92601517407651418
530668831063187967
178996276317130170
619555224991885258
179938235925605601
762959823404355124
117113502861927916
785697205565327905
838432070188226915
224278470754371631
603460840836699361
876782863034299913
627404910667554512
933964000756079618
831669078098683593
856382155094331718
46993530157919775
551079071219071139
437784810512347962
751869387090470078
299259593077913531
512283551421170944
117553117019394032
744480382290333353
719087489163335511
885781419543951143
810450996068359517
511836317050717892
164592744068114762
29809772710202737
196264846989069639
929670416770176085
983610193089882758
345896230302517672
939682950390514555
915594732822091336
81956761587122637
445133497441963501
213420468497035355
59831958807756138
25069910521861052
235787615450790966
834680953600214399
714285
927999756680921117
693292004327520015
519493371325817946
178014358826111551
64726716423760311
150546341586035976
831264172602877660
669323941421138357
636816786459666384
108359326388802968
661063406366040600
160510597373619250
592334373865374149
833313026179410024
257380438847308478
996996250610456950
633652473663575280
66927304165578330
413370156440740852
145197634157713873
88463400047002595
476864020960656579
945059416467865559
884522517399313993
964045801496154196
600030599300975214
856355385542236688
817305428459750085
23333333
559215932991303354
980152538796835972
866815446228396544
580575789597107046
340570708527622887
486942800062078459
706430535684295633
77715887478897452
216560043138327804
176026634267454150
510734487632287066
668874515839364123
112114918624435468
6
673958412163054319
1000000000000
946977133303112778
36994449129239594
513516465389821026
686467330520658215
513525033545823793
382246700474777179
609620689448278804
995730934306913219
843948603352568737
856331311292022281
670108917673181733
550769899966674374
811136331613765615
364991040910701122
129511685953085559
31252172246969163
605421642603102228
983367138841638200
501730445831861479
757373564998208988
384244500443282384
714660305416473340
791864293028138070
453304178359327688
849017333789106383
793554094075234841
975580103101067767
875081655955337710
39213776533088156
997612583184957014
877326380648321313
14276768945334129
429260978696755996
142641454419764472
991722650617555406
970108196912354095
420644927497896254
438181776899367871
475098626245654117
192043000378547036
279823827870778994
315024539770853735
187872486862021645
853771700284878668
302075883824204463
99824649931024441
226640434180226234
622510082090093320
142615688979050601
664720962250332882
951905197476455268
695465643440022728
525590747489259019
893421966824931980
494911954697699837
128981636704167081
59268430957912248
646542388951019580
311434619180927411
23009588269188744
704382663501898135
65464743199336171
86361268112303375
458932971469063472
62532111763594520
774176928423569480
1000000000000000
311649242957787208
9
511142986688969550
276802547040004588
12345678901234567
974797762528488838
169453553758604569
463904898828289591
172897836024519228
373573132745484016
569008182414166854
62688554462748117
362186900720742154
745920522803617812
603810240072636579
533974703524642750
919847049249844576
543266927888049623
191542481871617012
47846996577762054
718615471511342897
994333073355050232
21899036990924895
206610326512283367
168996651663365913
117714598036526895
941193118071242794
222349570779237601
5
96118867516086900
113746972208132443
436185326964649236
157378444177268138
761338875356400098
901843264357289056
601905798095033345
784711373323556534
255692378610385157
250504907448497264
519699605074496246
543505937532629976
73566753126805744
874529494997682825
527357997704849928
385934734981548183
8423515438747452
361395956585329122
5030924878820405
243716839994035438
187080356144392046
265505058855079531
617522055638951346
512450181985563799
159991082859916751
517298689617354164
238027940047672249
433087221368221945
588084473006994602
23703494967019851
483077956818845431
409444869883804821
583727803579016057
878481256181011337
246791155839743861
464033877558104237
693401606826643456
504268489883237918
868463775356302045
315375511901070589
360782698318387526
923767257987058331
816644074279335039
394825061683190086
196647250518254832
711930864760255833
456122606749886340
59320374599674089
774897267341024824
928681103300823504
893351181246204682
768478020577888432
728992223623468830
248487090702561602
871224970555510856
254298376148733459
750103243872922493
937486028762848152
976602577497180803
448590532436312416
172426378379396673
306300515013681565
2319638959657338
999999999999999999
268553892291930223
885504695907025409
602677144390546767
701337013524602489
412003331091026508
807647804954826712
321754758345237687
520560021383315463
109912931102633594
654824464729451252
34899581026395412
338902285787219936
60684950187401008
288230376151711745
844659179245583520
95248349104963918
355949299030183217
608480255758017445
839474694118927995
107672624542057952
741997370099489048
983799134438030256
858692688934381816
258119531675940076
764878982733581890
68370420867534126
657359852710282613
134768036167275903
674044785714067516
376406198322464848
83836140705643185
57704452301947306
474798300340812173
817654090657140756
194213437901971683
179343347762429030
364027774753768710
117573841422942405
709462484403595224
270470132298633467
459159723299805417
8
741828475097636596
605028159128181973
954981428531223544
737944442920675986
963737370032451460
882156001765352192
420102763494849663
579105254940205752
700181233282181323
938548661645560253
439512131494080932
793697774475666670
128689959431978515
620480733924745820
115699241590554221
902649796495687100
733817727645816534
478246412082354844
420086927651526354
414715501877779621
190184634200805597
857844688115529841
439241136644998925
455791125662347497
288230376151711743
943619398499286940
412563690190093430
664484941667844134
713005469978516094
558713853940965681
828745748498223315
266787385935288041
723285428614579295
935195158040024437
468183069085398903
842046907919299443
691918270214137473
262611777567227702
995485304643005514
108796313092590113
327652328983438391
781502976806467991
665588940956075258
263265658354517060
390184519869611480
231186474013896618
402588952377394216
191096234610645138
877142018721067230
198911510892584456
484633342610935381
749578128555941348
2333
845316478950153831
310397061786526005
671268824548833233
288230376151711744
881191583362063716
498361432739802316
36028797018963968
737609401356057316
278085512582584801
669177240313769584
320197802409015583
758838015707682718
581282901780598520
936151044730891767
756598441936643297
182574370289444830
425395987163670327
574652068612029658
7
908577618920401657
336935668429249189
233178156434495337
125240248225009905
298760407757747831
987146804686624270
254449223580420025
890988886142789865
869071705946596821
635300047346699500
688697883379247851
527396172794178380
922567925721054489
599781735423825094
42284858866595918
763348969157040132
144386052023065757
614034375385869052
308823205724760671
476210819179233106
794602645716002639
999164022277473363
117915563696499207
660115210425635426
740034314625284832
861691838671128213
218589306608196542
700984074541379093
971808710307109315
788640614009850949
902687907104730758
177837792824541032
953806447830378344
148114109202682393
150877900333075755
483104314006757949
444017880330524217
908393082472427217
765171624459751777
165269531881380345
40003413133142012
84550312020980886
10
265035544644158494
292332315060772769
825149554670673109
830823201289854088
460890992355534025
200229933845644710
605300714977697198
278284544014494041
618388730415918493
501697605848964609
191714648418208183
672026548745755610
216832472316222985
551853804878409845
381900507414337950
368316226803432701
711796758983548495
95878074221855368
894724853843722143
966577562128933232
58046878685131686
861670753577001892
598921189232698698
502977564592433782
705137039350493010
