1.000000000
1.000000000
0.186554470
1.000000000
1.000000000
0.142819345
0.003776949
1.000000000
0.817367299
1.000000000
0.086211556
1.000000000
1.000000000
1.000000000
1.000000000
0.756907403
0.287715834
1.000000000
0.000000000
1.000000000
0.007358141
0.999474916
1.000000000
1.000000000
1.000000000
0.538271751
1.000000000
1.000000000
0.497226471
1.000000000
0.023120807
0.983750559
1.000000000
0.909965375
0.686052955
1.000000000
1.000000000
0.065633881
1.000000000
0.952953313
1.000000000
1.000000000
1.000000000
1.000000000
0.316009174
0.809406455
0.191518188
1.000000000
0.213192207
1.000000000
1.000000000
1.000000000
0.991419195
0.175127285
1.000000000
1.000000000
1.000000000
1.000000000
0.041481097
1.000000000
0.330538743
1.000000000
0.838209218
0.507367923
1.000000000
0.999052808
1.000000000
0.071112413
0.000059368
0.953151684
0.021604646
1.000000000
0.770869175
1.000000000
0.484261925
0.000416461
1.000000000
1.000000000
1.000000000
0.068051680
0.110224184
0.999827135
0.071915100
1.000000000
0.624338234
0.023180470
1.000000000
1.000000000
0.619454203
1.000000000
1.000000000
0.013229315
1.000000000
1.000000000
0.232576841
0.054904079
1.000000000
0.438912344
1.000000000
0.041567318
0.891593687
0.752879816
1.000000000
1.000000000
0.000999919
0.834772545
0.999773720
1.000000000
0.674820481
1.000000000
1.000000000
1.000000000
0.000884068
0.950957090
0.968521082
0.080524766
1.000000000
0.007179244
0.905486972
1.000000000
0.999866326
1.000000000
0.304888638
0.278528552
1.000000000
0.047554316
0.144940498
1.000000000
0.419117890
0.808450287
1.000000000
0.131829846
1.000000000
0.999390445
0.404540856
0.535296731
1.000000000
0.461273324
1.000000000
0.007169633
1.000000000
0.632766017
0.889121415
0.472565377
0.533314943
0.897754476
0.984383556
0.455372133
0.999768566
1.000000000
1.000000000
0.368611258
0.668800129
0.450858200
1.000000000
0.013574581
0.886783672
0.015894866
0.979324227
1.000000000
0.081060258
0.203462219
1.000000000
0.205640058
1.000000000
1.000000000
0.855405160
0.983087217
1.000000000
1.000000000
0.978444480
1.000000000
0.014449520
1.000000000
0.813323616
0.681414346
1.000000000
0.866373387
0.334119102
0.000942616
1.000000000
0.948418272
1.000000000
0.993115269
1.000000000
1.000000000
1.000000000
1.000000000
0.972488724
1.000000000
1.000000000
0.997351609
0.004125719
1.000000000
1.000000000
1.000000000
0.002131252
1.000000000
0.003198431
1.000000000
1.000000000
1.000000000
0.266795953
1.000000000
0.303364225
0.040665696
0.999140966
0.013459364
1.000000000
0.790145801
1.000000000
0.703761053
1.000000000
0.000004295
1.000000000
0.959282294
1.000000000
1.000000000
1.000000000
1.000000000
0.961015519
1.000000000
0.878761990
1.000000000
1.000000000
0.000866135
1.000000000
0.935296939
0.297839160
1.000000000
1.000000000
0.943584290
1.000000000
0.050811517
0.762887011
0.001103790
1.000000000
1.000000000
0.687245704
0.945192446
0.427986068
0.923384147
0.975083861
0.877068274
0.149640636
1.000000000
0.884881966
1.000000000
1.000000000
1.000000000
0.998999205
1.000000000
1.000000000
0.891472184
0.001273838
1.000000000
0.949526920
1.000000000
0.041265891
0.174551898
0.159846078
0.531952364
1.000000000
1.000000000
1.000000000
0.985056014
1.000000000
1.000000000
0.939080440
1.000000000
0.999131553
0.003953656
0.192849184
1.000000000
0.007266989
0.974312102
1.000000000
1.000000000
1.000000000
0.396952870
0.754071147
0.000965012
1.000000000
1.000000000
1.000000000
1.000000000
1.000000000
0.611774666
0.979949496
0.000345951
0.012767881
1.000000000
1.000000000
0.845839295
0.791023193
1.000000000
1.000000000
0.213650778
0.976578067
0.146110561
1.000000000
0.919308290
0.253364858
0.113307203
1.000000000
1.000000000
0.999995782
0.018070572
1.000000000
0.000000000
1.000000000
1.000000000
1.000000000
1.000000000
0.378397725
0.084477063
0.553508957
0.012670367
0.590763145
1.000000000
0.220227887
0.142518735
0.007355792
0.804801746
0.000157015
0.964445230
0.735282902
0.065841892
0.957068368
0.184551680
1.000000000
0.135550222
0.971489409
1.000000000
1.000000000
1.000000000
0.158236548
0.190427523
0.997111119
0.954234774
0.245927164
1.000000000
0.440551839
0.000016847
1.000000000
0.859458720
0.022153872
1.000000000
0.973622668
1.000000000
0.598029907
1.000000000
0.943872010
1.000000000
1.000000000
0.673663374
1.000000000
0.999163897
0.022714619
1.000000000
0.136345993
0.726588172
1.000000000
1.000000000
1.000000000
0.568435834
0.018207732
1.000000000
0.000000642
0.852035595
0.996077600
0.881655053
0.927351131
1.000000000
1.000000000
1.000000000
1.000000000
0.001004153
0.964491231
1.000000000
0.868995896
0.971078736
0.452900748
0.932190952
0.244812198
0.014558587
1.000000000
0.678515000
0.252536131
0.316919056
0.500000000
0.218088097
0.000102122
1.000000000
0.091329462
1.000000000
0.990545964
0.134735637
0.956775825
1.000000000
0.977555816
1.000000000
0.444267321
0.004278195
1.000000000
1.000000000
0.014035904
1.000000000
0.004723507
0.110366841
0.948709096
0.973510922
0.339931397
0.110796310
1.000000000
1.000000000
0.956472599
0.159740172
0.614113730
1.000000000
0.987922710
1.000000000
1.000000000
1.000000000
0.997250731
0.990594292
0.715548268
1.000000000
0.000875723
0.999661231
0.105712424
1.000000000
0.999993492
1.000000000
1.000000000
0.074255755
0.758071550
0.787732737
0.870314687
1.000000000
0.443013685
0.426058203
0.288784674
0.795976906
1.000000000
1.000000000
1.000000000
1.000000000
0.125481841
1.000000000
1.000000000
1.000000000
0.719003175
1.000000000
1.000000000
1.000000000
1.000000000
0.976723465
0.126535515
1.000000000
0.995226466
0.999174538
0.788419359
1.000000000
0.999882917
0.338674987
1.000000000
1.000000000
1.000000000
1.000000000
0.161856908
0.845740646
0.726750094
0.414131793
0.981032850
0.937526093
1.000000000
0.540895122
0.004833152
0.103312657
0.971548736
0.678783027
1.000000000
1.000000000
0.225084264
0.985015945
0.023269112
1.000000000
0.995665997
0.011636051
0.237902844
1.000000000
1.000000000
1.000000000
0.993241038
0.997767859
1.000000000
0.999952412
0.831949284
1.000000000
1.000000000
1.000000000
0.988849005
1.000000000
0.244366199
0.911582129
1.000000000
1.000000000
0.058704022
0.996217539
0.984201900
1.000000000
0.999589917
1.000000000
0.997563281
0.768167084
0.106323410
1.000000000
0.970671491
1.000000000
0.001399600
0.939271454
1.000000000
1.000000000
0.923929904
0.133074475
0.249687536
0.992342910
0.999079416
1.000000000
0.876405763
1.000000000
0.932470149
0.999512215
0.617481036
1.000000000
1.000000000
1.000000000
0.022035159
1.000000000
0.081560066
1.000000000
1.000000000
0.987827317
0.633659313
1.000000000
1.000000000
0.000239973
0.598228333
1.000000000
1.000000000
0.926106462
0.886991769
1.000000000
0.711747607
0.117851960
1.000000000
0.833977323
0.853753590
1.000000000
0.201757944
1.000000000
1.000000000
0.930774066
1.000000000
0.043907185
1.000000000
0.003448123
1.000000000
0.079655961
0.013149470
0.123426536
1.000000000
0.999770309
1.000000000
0.048444177
0.993555476
1.000000000
1.000000000
1.000000000
0.998790907
1.000000000
0.008120329
1.000000000
0.128600903
0.874219111
0.976779507
1.000000000
0.184317325
1.000000000
1.000000000
0.621246312
0.052463361
0.945100062
0.049718906
1.000000000
0.558028044
0.133677609
0.499336204
0.359545944
0.059803702
0.280047896
0.090836769
1.000000000
1.000000000
0.990969377
0.135325533
0.870487570
1.000000000
0.999900865
1.000000000
1.000000000
1.000000000
0.808205655
0.985823198
1.000000000
0.997421816
1.000000000
0.873175956
0.927776410
0.355569529
0.989807656
0.624879640
0.459955159
1.000000000
0.000120255
1.000000000
1.000000000
0.999453057
1.000000000
0.992016729
0.980469473
0.990671558
1.000000000
1.000000000
1.000000000
0.543906261
1.000000000
1.000000000
1.000000000
1.000000000
1.000000000
1.000000000
1.000000000
0.829342572
1.000000000
1.000000000
0.030927972
0.698097835
1.000000000
0.997960122
1.000000000
1.000000000
0.886496275
0.709839125
1.000000000
0.026129366
1.000000000
0.156637846
0.963298636
1.000000000
1.000000000
0.869160346
0.993489068
1.000000000
0.999463949
0.441081836
0.740156908
0.185975865
1.000000000
0.913480338
1.000000000
0.625428248
0.997352467
1.000000000
1.000000000
0.988868512
1.000000000
1.000000000
0.982372734
0.905511691
1.000000000
0.287113346
1.000000000
0.437230227
0.770617035
0.866208266
0.585445899
0.998515992
1.000000000
1.000000000
0.921625570
0.714901354
1.000000000
0.077883183
0.918622635
1.000000000
0.617296220
0.431707132
0.620382088
0.188611066
1.000000000
1.000000000
0.937970787
1.000000000
0.103066762
0.896319707
1.000000000
1.000000000
1.000000000
0.082289228
0.159621431
0.984846280
1.000000000
0.008451082
1.000000000
1.000000000
0.133723815
1.000000000
1.000000000
0.725565004
0.975953110
0.541477949
1.000000000
0.272136293
0.843787454
0.984124456
0.526232906
1.000000000
0.997458800
1.000000000
1.000000000
1.000000000
0.032632604
1.000000000
1.000000000
1.000000000
1.000000000
0.960100576
0.921015487
1.000000000
1.000000000
0.001235992
1.000000000
0.999055384
1.000000000
1.000000000
1.000000000
1.000000000
1.000000000
0.983065497
0.065208168
1.000000000
1.000000000
0.376842890
1.000000000
0.830608167
1.000000000
0.353864512
0.144032304
0.133141663
0.898388274
1.000000000
1.000000000
1.000000000
0.863464844
0.047439738
1.000000000
0.667344997
1.000000000
1.000000000
1.000000000
0.051297117
1.000000000
0.002572772
0.998534715
0.039461603
0.969063155
1.000000000
0.616546160
1.000000000
0.869385700
0.449355743
1.000000000
1.000000000
1.000000000
1.000000000
0.645155922
1.000000000
1.000000000
1.000000000
1.000000000
0.900413648
0.894736364
0.896852736
1.000000000
0.034363143
1.000000000
1.000000000
1.000000000
1.000000000
1.000000000
0.991238944
0.487642840
0.044600829
0.025646740
1.000000000
0.786450252
0.009494771
1.000000000
1.000000000
1.000000000
0.213504758
0.913570338
1.000000000
1.000000000
1.000000000
1.000000000
1.000000000
0.408987618
1.000000000
1.000000000
0.733623314
1.000000000
0.000000000
1.000000000
1.000000000
1.000000000
0.324307858
1.000000000
1.000000000
0.304175518
0.875800103
1.000000000
0.840991137
0.000000000
0.410851444
0.999021069
0.976353111
0.015636850
0.279394293
1.000000000
1.000000000
0.456769505
0.017083437
0.700923993
1.000000000
0.712732476
0.428820842
0.910856173
1.000000000
1.000000000
0.785505395
0.006836801
0.960392548
1.000000000
0.695754829
1.000000000
0.909788920
0.049600676
0.208609362
0.492049071
1.000000000
1.000000000
1.000000000
0.011142421
0.048250785
1.000000000
1.000000000
1.000000000
0.911513470
0.523496746
1.000000000
0.000031022
0.904457593
0.365850558
1.000000000
1.000000000
1.000000000
1.000000000
1.000000000
0.003266844
0.914395346
1.000000000
1.000000000
0.097392513
0.999870844
0.786446787
1.000000000
0.527491604
0.244052324
1.000000000
0.361051803
0.814693909
0.244510380
1.000000000
0.557771838
1.000000000
0.113216735
0.588907785
1.000000000
0.974144342
0.253023226
0.893330940
1.000000000
1.000000000
0.223007232
1.000000000
0.999984099
1.000000000
0.116693632
0.007519658
1.000000000
1.000000000
0.442077403
0.149672170
1.000000000
1.000000000
1.000000000
0.881294263
1.000000000
1.000000000
0.574327000
0.001695789
0.014695999
1.000000000
0.773079167
1.000000000
0.904477465
0.011661624
0.001237251
1.000000000
0.711994369
1.000000000
0.969855367
1.000000000
1.000000000
0.929849721
1.000000000
0.014165255
1.000000000
1.000000000
1.000000000
1.000000000
0.952004064
1.000000000
1.000000000
1.000000000
0.999777713
1.000000000
0.997550022
0.140667050
0.097113137
0.010983062
0.975300306
0.410996168
0.000000000
1.000000000
0.104537761
1.000000000
0.306969628
1.000000000
0.983046900
1.000000000
1.000000000
1.000000000
1.000000000
1.000000000
1.000000000
1.000000000
0.007111346
0.601645431
1.000000000
1.000000000
0.366506206
0.928905316
1.000000000
0.557116131
1.000000000
1.000000000
0.078910089
0.793313154
0.987128395
1.000000000
0.204444343
0.089322028
0.002554087
0.712279493
1.000000000
0.308218596
1.000000000
0.255889642
0.597156213
1.000000000
0.021264272
1.000000000
0.607481129
0.497630474
0.126265693
1.000000000
0.940236408
1.000000000
1.000000000
0.822559666
0.000623633
0.840600068
0.007254609
0.794565954
0.006128410
0.998857556
0.996682427
1.000000000
1.000000000
0.085870397
1.000000000
1.000000000
1.000000000
0.001049995
1.000000000
0.558638150
0.067372233
0.009441861
0.978127649
1.000000000
1.000000000
1.000000000
1.000000000
0.720533010
0.880177476
0.957820260
0.198494637
1.000000000
0.039354249
1.000000000
0.475433439
0.770789206
1.000000000
0.944265437
0.793492133
0.981533551
0.016872193
1.000000000
0.000580320
0.000110107
1.000000000
0.018863384
0.029302520
1.000000000
0.288821747
0.968737049
0.919765646
0.442504009
1.000000000
0.770331601
0.425609127
1.000000000
0.686095366
0.611235259
1.000000000
1.000000000
1.000000000
0.625832834
1.000000000
0.031772256
0.515310398
1.000000000
1.000000000
1.000000000
1.000000000
0.206422259
1.000000000
1.000000000
1.000000000
1.000000000
0.053588021
0.106181175
0.998772925
0.985394108
1.000000000
0.392916925
0.669596493
0.567321156
0.022527607
0.277104728
1.000000000
1.000000000
0.934261319
1.000000000
0.007321878
0.989297399
1.000000000
0.229182569
0.000000000
0.622880739
0.738830551
0.874830528
0.425244865
0.999840353
1.000000000
1.000000000
0.999600360
1.000000000
1.000000000
1.000000000
1.000000000
0.939288295
0.029324017
0.002571393
1.000000000
1.000000000
0.346359216
1.000000000
1.000000000
0.003049254
0.071751292
0.000367995
1.000000000
0.193770535
0.828482333
0.985390610
1.000000000
0.004860699
0.305916604
1.000000000
0.026680634
0.233076042
0.779588171
0.788723112
0.792540197
1.000000000
0.941143858
0.411069290
0.549028753
0.994969391
0.003453014
1.000000000
0.016106349
0.068924125
1.000000000
1.000000000
0.121977118
1.000000000
0.992736499
1.000000000
1.000000000
0.593689804
0.986121311
1.000000000
1.000000000
0.999093508
1.000000000
0.000076513
0.283797774
0.016549470
0.041637492
0.999939532
1.000000000
1.000000000
0.036200172
0.045096548
1.000000000
1.000000000
0.465970007
1.000000000
0.988060909
0.950400087
0.979889442
0.703739102
0.329199371
1.000000000
0.007533393
0.990258250
0.719521965
0.315612631
0.005347627
1.000000000
0.934717801
1.000000000
1.000000000
1.000000000
0.492961095
0.466271567
0.001600470
0.526301104
0.948672110
1.000000000
0.934439148
1.000000000
0.386875892
1.000000000
1.000000000
1.000000000
1.000000000
0.058800009
0.902822912
0.940451175
1.000000000
1.000000000
0.488229440
0.778168683
0.631963699
0.841976297
0.754661180
1.000000000
1.000000000
0.003826646
0.459610852
1.000000000
1.000000000
0.954946644
0.936103811
1.000000000
1.000000000
1.000000000
0.820872934
1.000000000
1.000000000
1.000000000
0.989268564
1.000000000
0.024414473
0.967301123
1.000000000
0.972762768
1.000000000
1.000000000
0.677433942
0.574715361
0.693595345
0.851237178
0.896633250
1.000000000
0.998418752
0.375370418
0.741348671
1.000000000
0.524253834
0.972744167
0.005598049
0.016619033
1.000000000
1.000000000
1.000000000
0.512842281
0.146263847
1.000000000
1.000000000
0.740283059
0.958367185
1.000000000
0.996620179
0.221170661
0.357201394
1.000000000
1.000000000
1.000000000
1.000000000
1.000000000
1.000000000
1.000000000
1.000000000
0.995883415
0.083024300
1.000000000
0.001705634
0.266389356
0.003234738
1.000000000
1.000000000
1.000000000
0.999169893
0.000007722
0.002856727
1.000000000
0.457492455
0.003898821
0.983406989
0.987216560
0.466540195
0.057482073
0.999281248
0.049629915
0.869762781
1.000000000
0.924265480
1.000000000
1.000000000
1.000000000
0.464154378
0.986402787
0.993925382
0.744871828
1.000000000
1.000000000
0.989605925
1.000000000
1.000000000
0.702763967
1.000000000
0.425063366
0.957359582
1.000000000
0.735650626
1.000000000
0.994113526
0.293347330
0.259177746
0.006887072
1.000000000
0.999851969
0.326718534
0.003404037
0.742723505
1.000000000
0.991774498
1.000000000
1.000000000
0.776769243
1.000000000
1.000000000
0.800132018
1.000000000
1.000000000
1.000000000
0.936413598
0.526968407
1.000000000
1.000000000
1.000000000
0.000992845
1.000000000
1.000000000
0.506524860
1.000000000
1.000000000
0.081574924
0.921193220
1.000000000
0.999491826
0.000173334
0.949754204
0.045937805
1.000000000
1.000000000
1.000000000
0.693967440
0.511013557
0.427991127
0.832407481
1.000000000
0.996036329
0.735586349
0.053654604
0.082103272
1.000000000
1.000000000
0.000669980
0.007466858
1.000000000
1.000000000
1.000000000
0.071112413
0.512885977
0.724788819
0.739534979
0.271340213
1.000000000
0.596315827
0.408856922
1.000000000
0.909584710
1.000000000
1.000000000
0.049650599
1.000000000
0.002895597
0.835510318
0.434150546
1.000000000
0.947673280
1.000000000
1.000000000
0.010379339
0.624561992
1.000000000
0.032983252
1.000000000
1.000000000
0.271376911
0.058430709
1.000000000
1.000000000
0.962131594
0.566673822
1.000000000
0.408223756
0.049599024
1.000000000
0.082052649
0.675787692
0.796136756
0.993785097
0.914402109
1.000000000
0.291256165
0.301492066
1.000000000
1.000000000
1.000000000
1.000000000
1.000000000
0.088107728
1.000000000
0.141071478
1.000000000
0.019173247
0.346851611
0.157832199
1.000000000
1.000000000
0.010328065
1.000000000
1.000000000
1.000000000
1.000000000
0.090725024
1.000000000
0.998968503
1.000000000
0.974824784
1.000000000
0.921492093
1.000000000
1.000000000
0.937642398
0.000500943
1.000000000
0.999984826
1.000000000
1.000000000
1.000000000
1.000000000
0.408686119
1.000000000
0.074220639
0.000774809
1.000000000
0.238190496
0.999186527
0.989424247
1.000000000
1.000000000
0.939822431
0.879455636
0.953329958
0.691513714
1.000000000
1.000000000
1.000000000
1.000000000
0.930584639
0.637852086
0.312500993
1.000000000
1.000000000
0.599477775
0.999937201
0.004034193
0.120041510
0.999986048
0.624547634
1.000000000
0.086085298
0.515072666
1.000000000
0.003864001
1.000000000
0.031879491
1.000000000
0.000171741
0.653981276
0.992724632
1.000000000
1.000000000
1.000000000
1.000000000
1.000000000
0.597105331
0.182302901
1.000000000
1.000000000
0.813291772
1.000000000
1.000000000
0.942217603
1.000000000
0.006374803
1.000000000
1.000000000
0.000003177
0.964819699
0.079265266
0.566400215
0.943754321
0.008255082
1.000000000
0.966290969
0.980014414
1.000000000
0.991898876
1.000000000
0.014456439
0.009588826
1.000000000
0.920585878
0.042608491
1.000000000
0.908625731
1.000000000
1.000000000
0.997283687
0.611448544
0.000984852
1.000000000
0.107560942
1.000000000
0.010740678
1.000000000
1.000000000
0.828085602
0.004831682
1.000000000
0.999985509
0.798865849
0.805886776
0.984494156
0.999549666
1.000000000
1.000000000
0.012597620
0.839172382
1.000000000
0.963977744
0.006507594
1.000000000
0.289909371
0.002084700
1.000000000
0.000001765
0.541610272
1.000000000
1.000000000
1.000000000
0.600638602
0.436344843
1.000000000
1.000000000
0.999782777
0.999978988
0.993641245
0.992578980
0.011447470
1.000000000
1.000000000
0.998455028
0.844707212
0.521709847
0.361910384
0.999858614
1.000000000
0.608081691
0.023982671
1.000000000
0.966642554
0.004286586
0.421836160
0.000019588
0.026107795
0.801276424
0.071023729
1.000000000
1.000000000
0.327618672
1.000000000
0.903596002
0.638508567
0.738827102
1.000000000
0.679285840
1.000000000
1.000000000
0.925085387
0.666132796
0.877411557
1.000000000
1.000000000
0.819705049
1.000000000
1.000000000
0.207633933
1.000000000
0.778839769
0.837086449
0.236754340
1.000000000
0.727322169
1.000000000
0.312883921
0.006780028
0.792615143
0.661993285
0.246785684
0.192039458
0.464022671
0.000253071
0.378339494
1.000000000
1.000000000
0.124437806
0.743938923
0.071522592
1.000000000
0.011435133
0.991437083
0.568281517
0.998350689
0.658374957
1.000000000
0.080037790
1.000000000
1.000000000
0.250006272
0.196955796
1.000000000
0.487247140
0.292683317
1.000000000
1.000000000
0.421482034
1.000000000
1.000000000
1.000000000
0.183597037
0.467235388
0.083232370
1.000000000
1.000000000
0.887053949
0.055942318
0.274919683
0.987902694
1.000000000
0.960133895
1.000000000
0.629785997
0.449927075
0.543968521
1.000000000
1.000000000
0.732652258
0.995239224
0.451574865
0.015327806
1.000000000
0.462183318
0.719231815
0.999381422
0.894349235
1.000000000
1.000000000
1.000000000
0.503704198
1.000000000
0.423697395
1.000000000
0.465869574
0.962834509
1.000000000
1.000000000
0.317934942
0.927905837
0.419171877
0.843575609
1.000000000
0.086142176
0.486747741
1.000000000
0.349746300
1.000000000
0.116888706
1.000000000
1.000000000
1.000000000
0.761757073
0.512019586
1.000000000
1.000000000
0.587770655
1.000000000
1.000000000
0.636677940
1.000000000
1.000000000
0.997965517
1.000000000
1.000000000
0.553346395
1.000000000
1.000000000
1.000000000
1.000000000
1.000000000
0.374261532
1.000000000
0.659500253
1.000000000
0.526826084
0.931962989
1.000000000
1.000000000
0.636532267
1.000000000
0.321625824
1.000000000
0.139000245
0.986959286
1.000000000
1.000000000
0.365993067
1.000000000
0.032477942
1.000000000
0.553625577
0.001714309
0.014856574
0.901824776
0.633611958
0.991390938
1.000000000
0.842354806
0.529419295
0.027577513
1.000000000
0.728466744
1.000000000
0.039677077
1.000000000
0.884666349
1.000000000
0.717327003
0.045331969
1.000000000
0.380492391
1.000000000
1.000000000
1.000000000
0.523037790
0.894172181
0.992035716
1.000000000
1.000000000
1.000000000
0.948117446
0.033542247
0.418470143
0.793493625
1.000000000
1.000000000
1.000000000
0.012285135
0.021012996
1.000000000
0.614132716
0.325034590
0.250000000
1.000000000
0.993717442
1.000000000
0.486059338
0.429603560
1.000000000
1.000000000
1.000000000
0.381273231
0.079272173
0.001707261
1.000000000
1.000000000
1.000000000
0.044383430
1.000000000
1.000000000
1.000000000
1.000000000
1.000000000
0.773234929
1.000000000
0.923998299
1.000000000
1.000000000
0.069896050
1.000000000
0.999995863
1.000000000
0.008112603
0.030113727
1.000000000
0.070112075
0.643429813
0.257113472
0.400860493
1.000000000
0.910516432
1.000000000
1.000000000
1.000000000
0.600574967
0.262036884
0.000705521
0.997970192
0.350821145
0.002114953
1.000000000
1.000000000
0.122531964
0.966481206
0.055404006
1.000000000
1.000000000
0.901378225
0.998842517
1.000000000
1.000000000
0.151624186
1.000000000
0.822019077
0.106524386
0.996576520
1.000000000
1.000000000
0.949628136
0.999097644
0.168158006
0.989745912
0.352947442
1.000000000
1.000000000
1.000000000
1.000000000
1.000000000
0.999950251
0.004996137
0.020139755
0.387395681
0.131929263
1.000000000
0.991576719
1.000000000
1.000000000
1.000000000
0.236402669
1.000000000
0.913030615
1.000000000
0.223712619
1.000000000
0.265849376
0.467028356
1.000000000
0.224979915
0.641413562
0.995448832
1.000000000
1.000000000
0.753091884
0.929402714
1.000000000
0.574509578
0.009653621
0.346374139
0.173457592
0.431036728
0.537898110
1.000000000
0.960960605
1.000000000
1.000000000
0.125126840
1.000000000
0.976518969
0.870657780
1.000000000
0.618777156
0.957891304
1.000000000
1.000000000
0.952748369
0.884465474
0.627672134
0.888908671
0.994845594
1.000000000
1.000000000
1.000000000
1.000000000
0.995508200
0.900033286
1.000000000
1.000000000
0.987627853
0.871793889
0.293990508
0.210901455
0.006016321
1.000000000
0.763891980
0.124702679
0.047446559
0.000570560
1.000000000
1.000000000
0.999678648
1.000000000
1.000000000
1.000000000
1.000000000
1.000000000
0.154170547
0.051417915
0.749555188
1.000000000
0.577452837
0.898240677
1.000000000
0.184826560
0.373227774
1.000000000
1.000000000
0.023526925
0.567543860
1.000000000
0.010971302
0.088921381
0.172740083
1.000000000
0.045945078
0.220320151
0.897671000
1.000000000
0.504661442
0.957125831
1.000000000
0.257089890
0.940483366
0.002409405
0.851064120
1.000000000
0.498070614
1.000000000
0.827858694
1.000000000
0.185429810
1.000000000
1.000000000
1.000000000
0.287157407
1.000000000
1.000000000
1.000000000
0.352328183
0.937482725
0.554684323
0.312593642
1.000000000
1.000000000
0.699971869
1.000000000
0.005226373
1.000000000
0.902655836
0.488784405
0.063534161
0.108097250
0.005645743
0.655671029
0.434029904
1.000000000
1.000000000
1.000000000
1.000000000
0.998743959
0.999962109
1.000000000
0.592269708
0.931565153
1.000000000
0.409423958
0.490643405
1.000000000
1.000000000
1.000000000
0.209056385
0.133701197
0.528385583
1.000000000
1.000000000
1.000000000
1.000000000
0.999999663
0.967781307
0.659481505
1.000000000
0.796527015
1.000000000
1.000000000
0.340314094
1.000000000
0.999025269
0.995425532
1.000000000
0.952213377
0.902716848
0.000107352
1.000000000
1.000000000
0.170531619
1.000000000
1.000000000
0.512320993
1.000000000
1.000000000
1.000000000
1.000000000
1.000000000
0.885927333
1.000000000
0.997005491
1.000000000
1.000000000
0.000000000
1.000000000
1.000000000
0.998558544
0.006553531
1.000000000
0.401682252
1.000000000
0.002687045
0.915387496
0.968657649
0.150071204
1.000000000
0.054836508
1.000000000
1.000000000
1.000000000
1.000000000
0.999548840
1.000000000
1.000000000
1.000000000
0.998574483
1.000000000
0.985451887
0.941121207
1.000000000
1.000000000
0.975872013
0.997309261
0.275247971
1.000000000
0.993847342
1.000000000
0.067629759
1.000000000
0.831476004
1.000000000
1.000000000
0.922135710
1.000000000
1.000000000
1.000000000
1.000000000
1.000000000
1.000000000
1.000000000
0.843095865
0.981532376
0.818531180
1.000000000
1.000000000
1.000000000
1.000000000
0.982097526
0.017036428
1.000000000
1.000000000
0.771568710
1.000000000
0.999203828
1.000000000
0.949809691
0.959094721
0.855894667
1.000000000
0.345675380
1.000000000
0.235324736
1.000000000
0.047134152
0.490381922
0.924992302
1.000000000
0.043363022
0.999873775
1.000000000
0.982935326
0.253592597
0.017114196
1.000000000
1.000000000
0.863868141
0.008694049
1.000000000
0.307191385
0.012372474
1.000000000
0.018970022
0.649811412
0.320052520
1.000000000
0.073496158
0.947447734
1.000000000
1.000000000
0.467802141
0.937377778
0.188003052
1.000000000
0.440808699
0.380025533
0.998132067
1.000000000
1.000000000
0.151832957
1.000000000
0.137230603
0.868146999
0.554676485
1.000000000
0.103491458
1.000000000
1.000000000
1.000000000
0.004243860
0.000013905
1.000000000
0.640530038
1.000000000
1.000000000
0.057461802
0.813709494
0.470919566
0.155915522
1.000000000
0.989867143
1.000000000
0.081760509
1.000000000
1.000000000
1.000000000
0.214799942
0.784377278
0.039792126
0.810758368
0.963220637
0.534485759
1.000000000
0.959623236
1.000000000
0.963283880
1.000000000
0.092487869
0.007366039
1.000000000
1.000000000
0.021332969
1.000000000
0.203185358
0.948278295
1.000000000
0.033067896
0.007177791
1.000000000
1.000000000
1.000000000
1.000000000
0.758458601
0.929105071
0.166545997
0.671909471
0.220690935
1.000000000
0.029008498
1.000000000
0.995692358
0.999999932
0.497428042
1.000000000
1.000000000
0.476806584
0.976406451
0.731807267
1.000000000
1.000000000
1.000000000
0.154550414
0.002409871
1.000000000
0.275090141
0.285254765
0.091835880
1.000000000
1.000000000
0.706253518
1.000000000
1.000000000
1.000000000
1.000000000
0.428647374
0.994996684
0.995489957
1.000000000
1.000000000
0.955394916
0.566818069
1.000000000
0.491172224
0.995823557
0.039356880
0.514928554
1.000000000
1.000000000
0.905293740
0.000074282
0.003739482
0.020385693
0.060566309
1.000000000
0.559448452
0.000000000
1.000000000
0.713166427
0.614308123
0.983855234
0.155738590
0.978039152
1.000000000
1.000000000
1.000000000
0.205255190
1.000000000
0.924563940
1.000000000
1.000000000
0.268420126
0.803787268
1.000000000
1.000000000
1.000000000
1.000000000
1.000000000
0.709263015
1.000000000
1.000000000
1.000000000
0.005338627
1.000000000
1.000000000
1.000000000
0.869910481
0.705186717
0.148757727
1.000000000
0.575791670
0.084384714
0.505365208
0.838665941
0.008913858
0.158315696
1.000000000
0.057399730
0.420356798
1.000000000
1.000000000
0.903915990
1.000000000
1.000000000
1.000000000
0.303344621
0.411659145
0.024572151
0.149787620
1.000000000
0.023246388
0.933986608
0.793076498
0.204237388
1.000000000
0.992147077
0.022739805
1.000000000
0.175329197
1.000000000
1.000000000
1.000000000
0.028882574
1.000000000
0.156971963
0.781696895
1.000000000
0.390738921
1.000000000
1.000000000
1.000000000
1.000000000
0.295393916
0.013817024
0.017953343
0.123335311
1.000000000
1.000000000
0.754382204
0.406024609
0.255780512
1.000000000
1.000000000
1.000000000
1.000000000
1.000000000
1.000000000
0.008603422
0.985352105
0.063106388
1.000000000
0.703406039
0.487837926
0.994388434
1.000000000
0.006282221
1.000000000
0.721698359
1.000000000
1.000000000
0.466482347
0.587352809
0.023061374
0.214665630
0.013766099
0.012730649
0.978145839
0.999921806
1.000000000
1.000000000
1.000000000
0.301247428
0.716897263
1.000000000
1.000000000
0.007251593
1.000000000
0.075704129
0.041890748
0.500000000
0.798592680
1.000000000
0.015097133
1.000000000
1.000000000
0.997973660
1.000000000
0.665787430
1.000000000
1.000000000
1.000000000
0.944767253
0.044371744
1.000000000
1.000000000
0.020879339
1.000000000
0.419711857
0.871161928
0.065842493
1.000000000
1.000000000
1.000000000
0.988962327
1.000000000
1.000000000
0.956221406
1.000000000
1.000000000
0.565715709
0.625687336
0.055044735
0.735001181
0.615743468
1.000000000
0.996776362
1.000000000
0.041640471
0.891176403
1.000000000
1.000000000
0.986279207
0.992147077
1.000000000
1.000000000
0.248334323
0.806511598
0.986064676
0.531031927
0.048859620
1.000000000
1.000000000
1.000000000
0.134647736
0.974804670
0.811174299
1.000000000
0.999916828
1.000000000
0.722521663
1.000000000
1.000000000
1.000000000
1.000000000
0.000709896
1.000000000
1.000000000
0.926917919
1.000000000
0.001760997
1.000000000
0.754512675
0.317954017
0.513767699
0.560336702
0.994713996
1.000000000
0.805271901
0.072553199
1.000000000
0.876852789
0.049901337
0.535880358
0.998842797
0.974427832
0.619270862
0.001590472
0.061255142
1.000000000
1.000000000
0.847963751
1.000000000
0.820536402
1.000000000
1.000000000
0.023269112
1.000000000
1.000000000
0.263748061
0.125000000
0.578068769
0.000000000
1.000000000
0.939207738
0.362429161
1.000000000
1.000000000
0.867068531
0.984156236
0.969592397
0.999995132
0.193624749
1.000000000
1.000000000
0.323592539
0.100947950
0.994381593
0.043582875
0.013605739
0.034516594
0.986031867
1.000000000
1.000000000
0.751242366
0.550185891
1.000000000
0.499617710
0.973535382
1.000000000
1.000000000
0.006128410
0.597367901
1.000000000
1.000000000
1.000000000
1.000000000
1.000000000
0.704195757
0.923324565
0.751989041
1.000000000
0.661490940
1.000000000
1.000000000
0.887354968
0.268233028
1.000000000
0.001382774
0.664881263
0.005254704
0.316134465
1.000000000
1.000000000
0.968104804
0.000124701
0.007223580
1.000000000
0.074375692
0.357408383
1.000000000
1.000000000
0.848682322
1.000000000
1.000000000
0.976304709
1.000000000
0.293347330
1.000000000
1.000000000
0.140862493
0.000430250
0.978812629
1.000000000
0.006852431
0.195749712
0.775940259
0.608916401
0.036039862
0.138345191
0.656188695
1.000000000
0.003158227
1.000000000
0.670586265
1.000000000
0.991948646
0.996150109
1.000000000
0.266421433
0.954314803
1.000000000
0.015142538
0.748707596
1.000000000
1.000000000
1.000000000
1.000000000
0.112522364
0.769914716
0.873218647
1.000000000
0.738885333
1.000000000
1.000000000
0.011900368
1.000000000
0.449641643
0.234694946
0.932377676
0.999651681
0.928590435
1.000000000
0.988137187
1.000000000
1.000000000
0.062208567
0.000000000
0.915445774
1.000000000
0.004248379
1.000000000
0.372456572
1.000000000
0.379252804
0.831711941
1.000000000
0.045640501
0.226822578
1.000000000
0.003839548
0.008881847
0.024280036
0.005700509
0.997373306
1.000000000
0.468901487
0.247303214
0.910666554
0.013209117
1.000000000
1.000000000
0.997309261
0.035213975
1.000000000
0.982297429
1.000000000
0.429344294
0.379072692
1.000000000
1.000000000
0.597600950
0.736968165
1.000000000
1.000000000
0.940716564
1.000000000
0.995971900
0.151148254
1.000000000
0.143133754
0.270381663
0.550714622
1.000000000
1.000000000
1.000000000
0.335282415
1.000000000
0.763406303
1.000000000
1.000000000
1.000000000
1.000000000
0.041551545
1.000000000
1.000000000
0.971023594
1.000000000
0.176077090
1.000000000
1.000000000
1.000000000
1.000000000
0.000000000
0.851339975
1.000000000
0.903843679
1.000000000
1.000000000
0.996856806
0.999996860
0.999629309
1.000000000
0.065346911
1.000000000
1.000000000
0.989284115
0.339526921
0.002247662
1.000000000
1.000000000
0.746651017
1.000000000
1.000000000
1.000000000
0.514472726
1.000000000
0.007913504
0.000239195
0.997127788
1.000000000
0.999974965
0.998942358
1.000000000
0.998418752
0.083616242
1.000000000
1.000000000
0.887252434
1.000000000
0.706164736
1.000000000
1.000000000
0.006190948
1.000000000
0.030819941
1.000000000
1.000000000
0.482558196
1.000000000
0.017456950
0.998847776
0.000770822
1.000000000
0.989664347
0.764776254
0.044075461
1.000000000
0.606627548
0.669004966
0.242543612
0.997511253
1.000000000
1.000000000
1.000000000
1.000000000
0.956949937
0.970908214
1.000000000
1.000000000
0.996283356
0.400566136
0.912929806
1.000000000
1.000000000
0.374576899
0.221795288
1.000000000
0.999789132
0.735474037
1.000000000
0.905486972
0.677549894
0.006296892
0.889517525
0.995937666
0.351271725
0.030848445
1.000000000
1.000000000
0.500539459
1.000000000
1.000000000
0.436442734
1.000000000
0.052049710
0.999618780
0.459479810
0.998090407
0.986209126
0.000000000
0.514602855
1.000000000
1.000000000
0.687002794
0.810008320
0.285983923
0.035707369
1.000000000
1.000000000
0.000916313
0.020160729
1.000000000
1.000000000
0.067679199
0.577889377
0.942826314
0.074151055
0.854985303
1.000000000
0.370173418
0.982161692
0.000111852
1.000000000
0.813578060
1.000000000
1.000000000
1.000000000
0.994461570
0.999133407
0.790989301
1.000000000
0.060885040
0.976736378
1.000000000
1.000000000
0.441483939
0.933844783
0.635392544
0.950124606
1.000000000
1.000000000
0.817976163
1.000000000
1.000000000
1.000000000
1.000000000
0.876833455
0.107673264
1.000000000
0.634134826
1.000000000
0.913015865
0.856725662
1.000000000
1.000000000
1.000000000
0.260062600
1.000000000
1.000000000
0.382538671
1.000000000
0.245814131
0.081602426
1.000000000
1.000000000
1.000000000
1.000000000
0.502300462
1.000000000
0.478762888
0.030821593
1.000000000
0.000100422
0.085598615
1.000000000
0.013639017
1.000000000
0.141484360
0.465248356
0.458208147
0.001438274
0.993257130
0.842030107
0.999821568
0.939176843
0.482037469
1.000000000
1.000000000
0.093288672
0.246359962
1.000000000
0.000606412
0.763838747
1.000000000
1.000000000
1.000000000
0.999185149
0.882027514
0.018989868
0.032949679
0.131499109
1.000000000
1.000000000
0.005433345
0.532052243
0.999990110
1.000000000
1.000000000
1.000000000
1.000000000
1.000000000
0.050986621
1.000000000
0.652429020
0.990619453
1.000000000
0.171794670
1.000000000
0.482282700
1.000000000
1.000000000
1.000000000
0.997704750
1.000000000
1.000000000
1.000000000
1.000000000
1.000000000
1.000000000
0.999756082
1.000000000
1.000000000
0.001945701
1.000000000
0.998154346
1.000000000
0.007607415
1.000000000
1.000000000
0.002301429
0.290488627
0.999882694
0.476180788
1.000000000
1.000000000
0.388705848
0.701228262
1.000000000
0.959326547
0.001239860
1.000000000
1.000000000
0.999875424
1.000000000
0.350036648
0.053625198
1.000000000
0.113447314
0.117584852
0.999804615
1.000000000
0.995753377
1.000000000
1.000000000
0.787759901
0.999912102
0.938583951
1.000000000
0.689309880
0.997851617
1.000000000
0.664620258
0.669986976
0.999614458
1.000000000
1.000000000
0.339396148
0.698035050
0.393030887
0.999626259
0.965483406
0.786282863
0.526045085
0.605906518
0.999266336
1.000000000
0.723042996
1.000000000
0.002078093
0.999500338
1.000000000
0.010331098
0.251335312
0.122928385
0.172026368
0.311651904
1.000000000
1.000000000
0.058134264
0.329996055
0.029523164
1.000000000
1.000000000
0.025435148
0.604561320
1.000000000
0.947902282
1.000000000
0.109366702
1.000000000
0.633828423
1.000000000
1.000000000
0.015231903
1.000000000
0.923575564
0.483375758
0.999515117
0.012038898
0.357683240
1.000000000
0.004334654
1.000000000
1.000000000
1.000000000
1.000000000
0.928782548
0.992866877
1.000000000
1.000000000
0.469063725
1.000000000
1.000000000
1.000000000
1.000000000
1.000000000
0.974428636
1.000000000
0.424503224
0.160554607
1.000000000
0.999923634
0.939540594
0.026806550
1.000000000
0.991264670
0.976255360
1.000000000
0.210561561
1.000000000
0.078915386
0.797721048
0.110464382
0.463712615
1.000000000
0.098716889
1.000000000
0.017527865
1.000000000
0.985588820
1.000000000
0.134015175
1.000000000
0.765421463
1.000000000
0.654334587
1.000000000
1.000000000
0.982161692
1.000000000
0.403633557
0.026841270
0.000803562
1.000000000
1.000000000
0.525185228
0.929782895
1.000000000
0.901094990
0.998888539
0.972972552
1.000000000
0.148172094
0.076342063
0.010028139
1.000000000
1.000000000
0.953103043
1.000000000
1.000000000
0.910144247
1.000000000
0.911262216
0.004072225
1.000000000
0.000117689
0.267922834
0.144186045
1.000000000
1.000000000
1.000000000
1.000000000
1.000000000
1.000000000
0.750000000
1.000000000
1.000000000
0.084051818
1.000000000
0.991332468
0.999829241
1.000000000
1.000000000
0.078739518
0.387626240
0.961683878
1.000000000
0.013834024
0.171856363
1.000000000
1.000000000
0.998614882
0.683124253
1.000000000
0.151683913
1.000000000
0.072455891
0.594888090
1.000000000
0.417426037
0.246538298
0.827562682
0.090420727
0.447751326
0.000161250
1.000000000
1.000000000
0.997504201
1.000000000
1.000000000
0.116748679
0.001428228
1.000000000
0.601609160
1.000000000
0.000215888
1.000000000
0.000033223
0.433160285
1.000000000
0.019517628
0.866306808
0.916487946
1.000000000
0.017580359
0.026131804
0.901092026
0.192601622
0.814313490
1.000000000
0.462174474
0.810620256
0.014102209
0.434434366
0.103160482
0.072219369
0.175617397
0.084144152
0.000345951
0.000570116
1.000000000
1.000000000
0.527090542
1.000000000
1.000000000
0.012053291
1.000000000
0.909446364
1.000000000
1.000000000
0.399641421
0.317147678
0.285184588
0.056971627
0.421732426
1.000000000
1.000000000
0.999380172
0.999952439
1.000000000
1.000000000
1.000000000
0.699508549
0.426987032
0.313648060
0.975691842
0.000139873
0.055947466
0.972005010
0.018161309
0.128070187
1.000000000
1.000000000
0.573861478
0.999798133
1.000000000
1.000000000
0.768683061
1.000000000
0.980978625
1.000000000
0.950582948
0.782865988
1.000000000
0.902765526
0.109069383
0.309020623
0.054682757
0.000937788
1.000000000
0.996430963
1.000000000
1.000000000
1.000000000
0.018009392
0.992092938
1.000000000
1.000000000
0.175080141
1.000000000
1.000000000
0.957899896
1.000000000
1.000000000
1.000000000
1.000000000
1.000000000
0.603161872
0.003062330
1.000000000
1.000000000
1.000000000
0.993227815
1.000000000
1.000000000
1.000000000
0.000148961
1.000000000
1.000000000
1.000000000
1.000000000
0.245320295
0.062148465
0.285642787
0.636456246
1.000000000
0.001609928
1.000000000
0.964787903
1.000000000
1.000000000
0.094930712
0.196802118
0.003898821
0.824828929
0.025448598
1.000000000
0.818844095
1.000000000
1.000000000
0.786524545
0.996123100
1.000000000
1.000000000
0.340197803
0.148694414
0.203136698
0.123166458
0.119285016
0.685959114
1.000000000
1.000000000
1.000000000
0.000191896
1.000000000
0.318932597
1.000000000
1.000000000
1.000000000
1.000000000
1.000000000
1.000000000
1.000000000
1.000000000
1.000000000
0.288022078
0.754804854
0.026762864
0.018622495
1.000000000
1.000000000
1.000000000
1.000000000
0.001364704
0.259338481
1.000000000
0.842251368
1.000000000
1.000000000
0.323003295
1.000000000
0.999020188
0.958403928
1.000000000
1.000000000
0.947512892
0.955962673
0.999389629
1.000000000
1.000000000
0.988455437
1.000000000
0.255615163
1.000000000
0.631911371
1.000000000
1.000000000
0.743686188
1.000000000
1.000000000
0.920306063
0.996436477
0.522236397
0.046849981
0.835484861
0.060009081
0.284448909
0.884425423
1.000000000
0.642032105
1.000000000
0.895637595
0.990540809
1.000000000
1.000000000
1.000000000
1.000000000
0.852746289
1.000000000
1.000000000
0.002365464
1.000000000
1.000000000
1.000000000
1.000000000
1.000000000
0.397950027
1.000000000
1.000000000
0.005239783
1.000000000
1.000000000
0.000465743
1.000000000
1.000000000
1.000000000
1.000000000
0.004339033
1.000000000
0.807744810
1.000000000
0.573934305
0.937989274
0.996541631
0.115101603
1.000000000
0.923702542
1.000000000
1.000000000
1.000000000
0.000470146
1.000000000
1.000000000
1.000000000
1.000000000
1.000000000
1.000000000
0.862729074
0.177481613
0.995299127
0.918048097
1.000000000
0.986849874
1.000000000
0.859002915
0.961699233
1.000000000
0.971712805
0.005550239
1.000000000
0.512653770
1.000000000
0.941008433
0.266847754
1.000000000
1.000000000
1.000000000
0.917128713
0.769483341
1.000000000
0.060414466
0.763432428
1.000000000
1.000000000
0.974830489
0.010843309
0.621709657
0.941197643
0.885330055
1.000000000
1.000000000
0.775388480
0.010969881
1.000000000
1.000000000
0.879999973
1.000000000
1.000000000
0.045936879
0.306646005
0.954556920
1.000000000
0.998667637
1.000000000
0.445035317
0.023171998
0.699533231
0.257222136
0.846186790
1.000000000
0.183017351
1.000000000
0.010807594
0.008780614
0.132422968
0.002431458
0.760887802
0.022537371
1.000000000
0.849619853
1.000000000
1.000000000
1.000000000
0.151013372
1.000000000
1.000000000
0.977067366
0.022636495
1.000000000
0.026525580
0.027409279
1.000000000
0.650263292
0.118217168
1.000000000
1.000000000
0.264129657
0.127466584
0.992614342
0.003319816
1.000000000
1.000000000
0.069863644
1.000000000
0.136232582
1.000000000
1.000000000
1.000000000
1.000000000
1.000000000
0.188393035
0.365532929
0.672227862
0.104569611
1.000000000
0.969889889
0.999839864
0.992439646
1.000000000
0.004789636
1.000000000
1.000000000
1.000000000
0.298591954
1.000000000
1.000000000
1.000000000
0.197550138
1.000000000
0.984431694
1.000000000
1.000000000
1.000000000
0.997274896
0.978914294
1.000000000
1.000000000
1.000000000
0.970008143
0.032419441
1.000000000
0.015543562
1.000000000
0.845038250
0.774811664
1.000000000
1.000000000
0.251826612
1.000000000
1.000000000
1.000000000
0.995340948
0.999798645
0.457266104
0.290489264
0.554767313
0.636284991
1.000000000
1.000000000
0.031827681
1.000000000
0.047292552
0.020087296
0.067777778
0.371939398
0.962246885
1.000000000
1.000000000
0.936926136
1.000000000
0.195523080
0.167606858
0.087218848
1.000000000
0.772747014
0.104168120
1.000000000
1.000000000
0.920004194
0.746027754
0.986682449
1.000000000
0.497694196
1.000000000
1.000000000
0.001449948
0.999586354
0.927628311
0.922571201
0.955929481
