0.705701705
0.998011322
1.000000000
1.000000000
1.000000000
0.599133301
1.000000000
1.000000000
1.000000000
0.069948021
0.005982164
0.258538134
0.907804460
1.000000000
0.885964852
1.000000000
1.000000000
1.000000000
1.000000000
0.925575179
1.000000000
1.000000000
0.212099506
1.000000000
1.000000000
0.999660254
0.261938104
0.285346597
1.000000000
0.929841891
1.000000000
1.000000000
1.000000000
0.993865205
0.524648242
0.967638127
0.040942400
1.000000000
1.000000000
1.000000000
1.000000000
1.000000000
1.000000000
1.000000000
0.159621431
1.000000000
1.000000000
1.000000000
0.023138057
1.000000000
0.528348072
1.000000000
1.000000000
1.000000000
0.822192555
0.939833849
0.505037433
1.000000000
1.000000000
0.769763143
0.854053268
1.000000000
1.000000000
1.000000000
1.000000000
0.374181296
1.000000000
0.978132743
0.229410920
1.000000000
0.537270313
0.877439367
0.439527447
1.000000000
1.000000000
0.002135843
0.256405868
0.997444262
0.998107541
0.787681514
0.999560704
0.991400973
1.000000000
0.133147536
1.000000000
1.000000000
1.000000000
0.916475511
0.006349134
1.000000000
1.000000000
1.000000000
0.970022138
0.626802846
1.000000000
0.409559554
0.006722582
1.000000000
1.000000000
1.000000000
0.912892519
0.994287517
1.000000000
1.000000000
1.000000000
0.266235826
0.063645417
1.000000000
1.000000000
0.255226610
1.000000000
0.931900960
1.000000000
0.999478602
1.000000000
0.916306371
1.000000000
0.906452770
1.000000000
0.524541551
0.615332050
1.000000000
1.000000000
1.000000000
1.000000000
1.000000000
0.236458475
1.000000000
1.000000000
0.686547613
0.639723341
0.995893648
0.125461720
1.000000000
0.672402384
1.000000000
1.000000000
1.000000000
1.000000000
0.587551746
0.004792656
1.000000000
1.000000000
0.119262395
1.000000000
1.000000000
1.000000000
1.000000000
1.000000000
1.000000000
1.000000000
0.986787193
1.000000000
1.000000000
0.032380159
0.048472763
1.000000000
0.730185719
1.000000000
0.917774043
1.000000000
0.406687948
1.000000000
1.000000000
0.848374008
0.999822074
0.058410427
1.000000000
1.000000000
0.344478380
1.000000000
0.562141553
0.822427117
0.267720368
1.000000000
1.000000000
0.058964078
1.000000000
0.613480139
0.337562192
1.000000000
0.002915452
1.000000000
0.049965194
1.000000000
0.987385132
0.703883373
0.570982174
0.000005533
1.000000000
1.000000000
1.000000000
0.213533863
0.981744624
1.000000000
0.876154595
0.890239840
0.865465106
1.000000000
0.903510321
1.000000000
1.000000000
0.977681955
1.000000000
0.006130597
0.769614783
0.062318787
1.000000000
0.365534720
1.000000000
0.726569124
0.884675405
0.565527682
0.005458060
0.913178830
0.989622703
0.326901157
0.999730302
1.000000000
1.000000000
0.999840675
0.888111315
0.000975888
0.468269272
0.000029745
0.543766514
0.802104870
1.000000000
1.000000000
0.949503293
0.345091235
0.994236517
1.000000000
0.935136197
1.000000000
0.836574624
1.000000000
0.510886061
1.000000000
0.514288241
0.586793686
0.630523853
1.000000000
1.000000000
1.000000000
1.000000000
1.000000000
0.988171604
1.000000000
0.350997590
0.994607950
0.134031466
0.005260836
0.990581452
0.049165774
0.744354061
1.000000000
0.008271310
0.999575725
1.000000000
0.762287574
0.619891446
1.000000000
0.999382274
0.167603361
1.000000000
1.000000000
0.993734207
1.000000000
1.000000000
0.822796652
1.000000000
0.999943641
1.000000000
1.000000000
1.000000000
1.000000000
1.000000000
0.973913536
0.584914614
0.980756711
1.000000000
0.976831861
1.000000000
1.000000000
0.154361772
1.000000000
1.000000000
1.000000000
1.000000000
0.418584862
1.000000000
1.000000000
1.000000000
1.000000000
1.000000000
1.000000000
1.000000000
0.997573875
0.872380235
1.000000000
1.000000000
1.000000000
1.000000000
0.844672466
1.000000000
0.395200332
1.000000000
1.000000000
0.710115762
0.675117898
1.000000000
1.000000000
0.359029549
0.191758471
0.001036337
1.000000000
0.953174915
1.000000000
1.000000000
1.000000000
1.000000000
0.759115750
0.042319839
1.000000000
1.000000000
1.000000000
0.002521956
0.967559215
0.529605304
0.827101300
1.000000000
0.639467706
0.000027459
1.000000000
0.071451343
0.004533025
0.999871760
0.687940396
1.000000000
1.000000000
0.863016678
0.985047513
0.492154936
1.000000000
1.000000000
0.654758826
0.011794204
0.163618379
1.000000000
0.007340149
1.000000000
0.873972216
1.000000000
0.012711046
0.741945872
0.000222645
0.654688557
0.030577623
1.000000000
1.000000000
0.005529580
0.169915544
1.000000000
0.028538843
0.004983004
0.872542496
1.000000000
0.152618502
0.000489611
1.000000000
0.003731937
0.678203420
0.000041615
1.000000000
1.000000000
1.000000000
1.000000000
1.000000000
1.000000000
1.000000000
0.025973684
0.591057573
0.965278989
0.635823436
0.001585686
0.010248184
1.000000000
1.000000000
0.182387901
1.000000000
0.058528979
1.000000000
0.999157133
0.000588928
1.000000000
1.000000000
1.000000000
0.717958476
1.000000000
0.080132990
0.346963498
1.000000000
0.001896235
1.000000000
0.964202617
0.995519460
1.000000000
1.000000000
0.929799010
0.050760445
0.016555566
1.000000000
0.524410760
0.998211634
1.000000000
1.000000000
1.000000000
0.023618836
0.004232405
1.000000000
1.000000000
0.998247591
1.000000000
1.000000000
1.000000000
0.343902263
1.000000000
0.999582996
1.000000000
1.000000000
1.000000000
0.908989616
1.000000000
1.000000000
0.491107148
1.000000000
0.024436110
0.015806054
0.996927928
1.000000000
0.069761305
0.002111231
0.908040641
1.000000000
0.066784278
0.202330845
0.391540195
0.754300832
0.064610499
0.814160320
1.000000000
1.000000000
1.000000000
1.000000000
0.643207343
0.896907856
0.958077045
1.000000000
0.011799019
1.000000000
1.000000000
1.000000000
1.000000000
0.920081828
1.000000000
1.000000000
0.110920215
0.619822110
0.002730436
1.000000000
1.000000000
1.000000000
1.000000000
0.001216639
0.938599622
1.000000000
1.000000000
1.000000000
1.000000000
1.000000000
0.991554907
1.000000000
1.000000000
0.000251257
0.005769172
1.000000000
0.744763043
1.000000000
1.000000000
1.000000000
0.279969544
0.582509459
0.380222369
1.000000000
0.006421379
1.000000000
0.575317338
1.000000000
1.000000000
0.864678495
0.010367829
0.706135756
1.000000000
1.000000000
0.699060330
1.000000000
1.000000000
0.999810326
1.000000000
1.000000000
1.000000000
0.886496275
0.494934400
0.031232613
1.000000000
1.000000000
1.000000000
0.641297637
0.008538138
0.202301087
1.000000000
1.000000000
1.000000000
1.000000000
0.246124856
1.000000000
1.000000000
0.291843323
1.000000000
1.000000000
1.000000000
0.995325496
1.000000000
1.000000000
0.025119358
1.000000000
0.000002374
0.044876924
1.000000000
1.000000000
0.141671314
1.000000000
0.069896050
1.000000000
0.791480298
1.000000000
0.999943155
0.991094472
1.000000000
0.006968195
0.988212050
0.921533654
1.000000000
0.984493938
0.735198278
0.870144873
1.000000000
0.715133251
0.093748156
1.000000000
0.971227115
0.999996670
0.183183684
0.343453501
0.389026287
0.238528824
0.864585699
0.915073690
0.017175980
1.000000000
0.268439313
0.812719556
1.000000000
0.956502743
1.000000000
0.999888535
1.000000000
1.000000000
0.684316739
1.000000000
1.000000000
1.000000000
0.830801623
0.083827280
1.000000000
0.241610677
1.000000000
1.000000000
1.000000000
0.544026051
0.854030927
0.990910173
1.000000000
0.992165316
0.750000000
0.999766724
1.000000000
0.425618326
0.711963838
0.106969664
1.000000000
1.000000000
0.000640169
1.000000000
0.027018481
1.000000000
1.000000000
1.000000000
1.000000000
0.100649699
0.996354676
1.000000000
1.000000000
0.997111119
0.405494501
1.000000000
1.000000000
1.000000000
1.000000000
1.000000000
1.000000000
0.999915804
0.997591321
1.000000000
1.000000000
1.000000000
1.000000000
0.650448573
1.000000000
1.000000000
0.316403270
0.209497958
0.515912028
0.914821626
1.000000000
0.768879414
1.000000000
0.128401201
0.987906424
0.988198021
0.123015763
0.990025228
1.000000000
0.471704822
0.000815778
0.899352575
0.032892620
1.000000000
0.941234878
1.000000000
1.000000000
1.000000000
0.019771874
0.295428510
1.000000000
0.976324759
0.074340920
0.042894681
1.000000000
1.000000000
1.000000000
0.047545731
0.999905455
1.000000000
0.747939982
1.000000000
1.000000000
0.999972638
0.997634515
0.001220727
0.998430518
0.998787710
0.220285465
0.335252513
0.979702827
0.947176699
1.000000000
0.531460941
1.000000000
0.999225437
1.000000000
1.000000000
0.051260333
0.998376220
0.141436561
0.780828776
1.000000000
1.000000000
0.871380746
1.000000000
0.997537537
0.000000000
0.998950322
0.667988798
0.978353163
0.908305952
0.003830115
0.833067139
0.020328215
1.000000000
0.047894078
0.179265616
0.514121616
1.000000000
1.000000000
0.646322085
0.006567948
0.139319969
0.757871033
1.000000000
1.000000000
1.000000000
0.973694429
0.999997966
0.862772508
1.000000000
1.000000000
0.534976722
1.000000000
0.571252418
0.533628088
1.000000000
0.095254569
0.459447266
0.993468872
1.000000000
1.000000000
0.982774380
0.468258672
0.214097854
0.395421765
1.000000000
1.000000000
0.977794363
1.000000000
0.000000000
1.000000000
0.926408644
1.000000000
0.099178059
1.000000000
1.000000000
1.000000000
0.998155153
0.021738820
1.000000000
1.000000000
0.082600338
1.000000000
0.323303655
0.746302488
0.000872685
0.340681283
1.000000000
0.161761440
1.000000000
1.000000000
0.956904536
0.855140559
0.074404205
0.259046780
0.262555582
0.993164337
0.008026315
0.992253149
1.000000000
0.733299661
1.000000000
1.000000000
1.000000000
1.000000000
1.000000000
1.000000000
0.009072857
1.000000000
1.000000000
0.999882393
1.000000000
1.000000000
1.000000000
0.069663234
0.790403374
1.000000000
1.000000000
1.000000000
1.000000000
0.679827265
1.000000000
1.000000000
0.960857192
0.095306622
1.000000000
0.090804972
1.000000000
0.946675986
1.000000000
0.891575862
1.000000000
1.000000000
1.000000000
0.970290554
1.000000000
1.000000000
1.000000000
0.992187476
1.000000000
0.882635512
0.887589527
1.000000000
0.002845667
0.125574673
0.974153339
1.000000000
0.517653182
1.000000000
1.000000000
1.000000000
1.000000000
0.998630502
0.900241117
1.000000000
0.007464079
1.000000000
0.722260077
1.000000000
0.577713823
0.828325090
0.016325662
1.000000000
0.256086127
0.993327764
1.000000000
0.338885202
0.970155478
0.999944558
0.041021956
1.000000000
0.937066942
0.982944380
1.000000000
0.995124731
1.000000000
0.814820460
1.000000000
0.101900347
0.076493534
0.048373773
1.000000000
1.000000000
0.998289257
1.000000000
0.002994895
0.998686321
0.720938460
1.000000000
0.271719180
1.000000000
0.015410600
0.500000000
1.000000000
1.000000000
1.000000000
1.000000000
0.474677211
1.000000000
0.095142656
1.000000000
0.797932149
0.006647400
1.000000000
0.001215753
0.137698566
0.394638247
1.000000000
1.000000000
0.000023626
0.407139755
1.000000000
1.000000000
1.000000000
1.000000000
1.000000000
0.944342317
1.000000000
1.000000000
0.992621967
0.425000000
0.000219337
1.000000000
0.354942721
0.903233882
1.000000000
1.000000000
0.998479383
0.580940963
1.000000000
1.000000000
1.000000000
1.000000000
0.631041971
0.039637665
0.993387726
1.000000000
0.966149681
1.000000000
0.089136739
1.000000000
1.000000000
1.000000000
1.000000000
0.997922668
0.247900326
1.000000000
0.997933800
0.036716814
0.185355026
0.973580581
1.000000000
0.818345686
0.496820114
0.998584363
0.202518162
0.717170955
1.000000000
0.360042675
0.961681412
0.951088714
0.965573911
0.002021440
1.000000000
0.994496296
0.922495983
1.000000000
0.997834107
0.891701719
1.000000000
1.000000000
0.531048129
1.000000000
0.997627717
1.000000000
1.000000000
0.005951501
1.000000000
1.000000000
1.000000000
0.510555092
1.000000000
1.000000000
0.270403981
1.000000000
0.645702454
0.001067294
0.343153416
1.000000000
0.611726022
0.999150555
0.469871612
1.000000000
0.864520098
0.014379517
1.000000000
0.081836205
0.635232952
0.996495392
1.000000000
1.000000000
1.000000000
0.519701364
0.584113464
1.000000000
0.995800415
0.991596918
0.920378822
0.641412312
0.000614305
0.278550433
0.887931327
0.000047561
1.000000000
1.000000000
1.000000000
0.248173388
1.000000000
1.000000000
1.000000000
1.000000000
0.370020658
1.000000000
0.181794640
0.005732045
0.350968213
0.067912440
0.309091915
1.000000000
0.414903651
0.956444715
1.000000000
0.025722675
0.069967507
1.000000000
0.251070673
1.000000000
0.872827437
1.000000000
1.000000000
1.000000000
0.384962342
0.306828911
0.396900486
1.000000000
1.000000000
1.000000000
1.000000000
0.983882788
1.000000000
0.078223367
1.000000000
0.732503175
0.163122317
0.226256317
1.000000000
0.029085937
0.221251334
1.000000000
1.000000000
0.072210145
0.937492691
0.026326460
1.000000000
0.213110655
0.028030001
1.000000000
1.000000000
1.000000000
0.997226755
0.336536473
1.000000000
0.004574644
1.000000000
0.000753562
0.047380917
1.000000000
1.000000000
1.000000000
0.998656694
0.988060469
1.000000000
1.000000000
1.000000000
1.000000000
1.000000000
1.000000000
1.000000000
0.931207492
1.000000000
0.998704181
1.000000000
0.099301454
1.000000000
1.000000000
0.997347470
1.000000000
1.000000000
0.998340822
0.256639572
1.000000000
0.994444555
1.000000000
1.000000000
0.118563076
0.003922351
1.000000000
0.988258548
1.000000000
0.211536368
0.525517427
0.253935023
0.950203573
1.000000000
1.000000000
0.117167445
0.985230487
0.870069674
1.000000000
1.000000000
1.000000000
1.000000000
1.000000000
0.807094726
0.051699151
1.000000000
0.449474273
0.481126364
1.000000000
1.000000000
1.000000000
1.000000000
1.000000000
0.886099649
1.000000000
0.699789888
0.893278372
1.000000000
1.000000000
1.000000000
0.033106184
0.901836445
0.384519803
0.000636120
0.996964866
1.000000000
1.000000000
1.000000000
0.864932491
1.000000000
0.895690709
1.000000000
0.392958935
0.870772791
1.000000000
0.664562372
1.000000000
0.927944310
0.696100277
0.992297145
1.000000000
1.000000000
0.037375009
0.374538394
0.982923542
0.039035347
1.000000000
0.978738102
1.000000000
0.355078441
0.999685031
0.999475692
0.996749282
0.326088229
1.000000000
0.242853677
1.000000000
0.108852317
0.920153099
0.782760860
0.484963452
1.000000000
1.000000000
1.000000000
1.000000000
1.000000000
0.260942139
1.000000000
0.246820446
0.579341683
1.000000000
1.000000000
0.110272910
1.000000000
0.000036871
0.405240010
0.879566720
1.000000000
1.000000000
1.000000000
0.088550924
0.840355532
0.966910354
1.000000000
1.000000000
1.000000000
1.000000000
0.239225261
0.475433439
1.000000000
0.999994770
1.000000000
1.000000000
0.765860689
0.635192937
0.780164101
0.169622204
0.184564485
0.329487888
0.985286659
0.724514467
1.000000000
0.157206369
1.000000000
0.325439444
0.639335085
0.100573853
0.910888791
0.999390679
0.898774189
0.514734039
1.000000000
1.000000000
1.000000000
1.000000000
0.754512012
1.000000000
0.703825839
1.000000000
0.710369555
1.000000000
0.024944169
0.862593516
0.042598638
0.706148846
0.966054489
0.019681024
1.000000000
0.031817801
0.999006010
0.975278302
1.000000000
1.000000000
1.000000000
0.793385270
1.000000000
0.322089502
0.981168645
0.689305367
0.559888359
0.750000000
0.957567503
1.000000000
0.001784320
0.527295075
0.025895440
1.000000000
1.000000000
1.000000000
0.997150525
0.804955730
1.000000000
1.000000000
0.187594245
0.706912850
1.000000000
0.897967600
0.460125698
1.000000000
0.019817811
1.000000000
1.000000000
1.000000000
0.313039406
0.678298806
0.921441143
0.025726505
0.000720577
1.000000000
0.929006905
0.326403025
0.101551102
0.779234720
0.670894439
0.992949655
1.000000000
0.822760604
1.000000000
0.025936998
0.279929763
1.000000000
1.000000000
0.995903375
0.000183528
1.000000000
1.000000000
1.000000000
0.172873226
1.000000000
0.455095332
0.317465826
1.000000000
1.000000000
1.000000000
0.226772904
1.000000000
0.922710646
1.000000000
1.000000000
1.000000000
1.000000000
0.564873672
0.917690968
1.000000000
0.253934658
0.992257840
0.159221131
0.739797812
0.406202403
0.125651005
1.000000000
1.000000000
0.005314818
0.900099283
0.998869277
0.435634948
1.000000000
0.026510921
0.999711090
0.990813218
1.000000000
1.000000000
0.997454293
0.988962327
1.000000000
0.984879696
1.000000000
0.975245927
1.000000000
0.999854733
0.286914936
0.014284091
0.629512750
0.003507926
0.005288569
1.000000000
1.000000000
0.752414885
1.000000000
0.998401850
0.964837908
0.602000000
0.234831969
0.000055442
1.000000000
1.000000000
1.000000000
1.000000000
1.000000000
1.000000000
0.448299975
1.000000000
1.000000000
1.000000000
1.000000000
0.740715098
0.963368498
0.942075911
0.937190731
0.000414659
0.998645318
0.961011840
0.914080830
0.053243268
1.000000000
1.000000000
0.893845845
0.681780732
0.999872626
0.955092170
0.436672918
0.387520804
0.949032935
1.000000000
0.048380619
0.012832358
0.256699689
0.772496829
1.000000000
1.000000000
0.214915072
0.000063012
1.000000000
0.897474470
1.000000000
0.287526516
1.000000000
0.000201151
1.000000000
0.700558264
0.589917778
1.000000000
1.000000000
0.407010947
1.000000000
1.000000000
1.000000000
0.434124682
0.876604178
1.000000000
0.380800572
0.377200568
1.000000000
0.112656216
0.362837928
1.000000000
1.000000000
0.958577604
0.736507141
0.971961182
0.970253525
0.999669592
0.000970611
0.445210614
1.000000000
0.629427516
1.000000000
0.795608943
0.914328253
1.000000000
1.000000000
1.000000000
0.244199403
0.928847928
0.854181233
1.000000000
0.934409144
0.698097835
1.000000000
0.773514929
1.000000000
0.750000000
1.000000000
1.000000000
0.328920978
0.999883223
0.993369907
0.887667028
0.922681149
1.000000000
1.000000000
0.169146200
0.321176270
0.744021974
0.818948174
0.008367703
0.921916696
0.130094030
1.000000000
0.429298128
0.964824735
1.000000000
0.052719116
1.000000000
0.121096682
0.981569139
1.000000000
1.000000000
1.000000000
1.000000000
0.957334850
0.004240229
1.000000000
0.154170184
1.000000000
1.000000000
0.776845195
0.026540064
1.000000000
0.166462029
0.940611503
0.152143220
0.997827851
1.000000000
1.000000000
0.305622443
1.000000000
0.042757706
0.946645428
1.000000000
1.000000000
1.000000000
1.000000000
0.738912080
0.355916529
1.000000000
0.187873788
1.000000000
0.999994616
0.033511754
1.000000000
0.348172553
0.054355443
0.052539681
1.000000000
0.019589574
0.997361307
1.000000000
0.294501317
0.876331375
0.000006448
1.000000000
1.000000000
0.065205456
1.000000000
1.000000000
0.000932210
1.000000000
0.925047208
1.000000000
1.000000000
0.891972885
1.000000000
0.995291176
0.953673617
1.000000000
1.000000000
0.004403797
0.029721456
0.028285653
1.000000000
0.982373030
1.000000000
0.140361266
0.003125618
0.678138477
0.117145395
1.000000000
0.039555260
0.050767482
1.000000000
1.000000000
1.000000000
1.000000000
0.155575560
1.000000000
1.000000000
0.013924783
1.000000000
1.000000000
0.592954475
0.405360652
1.000000000
0.026106952
1.000000000
0.037102423
0.282267300
1.000000000
1.000000000
1.000000000
0.738700996
0.715956572
0.567298546
1.000000000
0.187590946
0.203935259
0.573496161
0.000000000
0.993709828
1.000000000
1.000000000
1.000000000
1.000000000
0.872339918
1.000000000
0.551373936
0.999984210
0.032829060
1.000000000
0.771714798
0.922187796
0.003319988
1.000000000
1.000000000
0.996431478
1.000000000
1.000000000
0.258181582
0.803404529
0.317643335
1.000000000
1.000000000
0.032209670
1.000000000
0.161352384
1.000000000
1.000000000
0.756816025
1.000000000
1.000000000
0.073428726
1.000000000
0.447864991
0.000974362
0.500000000
1.000000000
0.011700019
1.000000000
1.000000000
0.009603053
0.971129133
1.000000000
1.000000000
1.000000000
1.000000000
0.933280253
0.247000714
1.000000000
1.000000000
0.266515853
0.404217674
1.000000000
0.995598533
1.000000000
0.015536715
1.000000000
1.000000000
0.107374440
0.974049630
1.000000000
1.000000000
0.980268036
1.000000000
0.013215036
1.000000000
0.515087655
0.605148671
0.993795148
0.622080148
0.997395821
0.221513296
0.812574096
0.993374365
1.000000000
0.022584613
0.821510897
1.000000000
0.377995551
1.000000000
0.579428469
0.982295953
0.490134730
1.000000000
0.961001081
1.000000000
0.048835676
1.000000000
0.927278138
0.441223300
1.000000000
1.000000000
0.863129578
0.022995357
0.735725907
1.000000000
0.135779180
0.981125830
0.411617647
0.235707755
1.000000000
0.870366597
1.000000000
1.000000000
1.000000000
0.186926497
1.000000000
1.000000000
0.829187876
0.198851989
0.254667394
0.042455681
0.142312921
0.826801783
0.839273534
0.981582557
0.400429030
0.999043809
1.000000000
1.000000000
1.000000000
0.172195031
0.418270835
1.000000000
1.000000000
0.994786826
0.742475601
1.000000000
0.039995106
0.051418666
0.359211711
0.025468976
0.361331188
1.000000000
0.986770514
1.000000000
0.124310215
0.999953700
1.000000000
0.999888685
1.000000000
0.585913807
0.966910354
0.704028733
0.685943058
0.908370091
0.942022524
1.000000000
1.000000000
0.095215175
0.027965350
0.998451954
1.000000000
0.935863298
1.000000000
1.000000000
1.000000000
0.830489118
0.260695225
0.498107403
0.460129468
0.108088327
0.994431980
0.001525426
1.000000000
1.000000000
0.028861363
1.000000000
0.999106150
1.000000000
0.012394980
1.000000000
1.000000000
0.590459265
0.023646448
0.041020954
0.322474742
0.024092435
1.000000000
1.000000000
1.000000000
0.101416486
0.936327447
0.994796359
1.000000000
0.989978089
1.000000000
1.000000000
1.000000000
0.995004936
0.999924088
0.020239912
0.397185562
0.733793970
0.032230422
1.000000000
1.000000000
1.000000000
0.596770391
0.714775099
1.000000000
0.923898578
0.012891739
1.000000000
1.000000000
1.000000000
0.965163513
1.000000000
1.000000000
0.511829770
1.000000000
0.532326934
1.000000000
1.000000000
1.000000000
1.000000000
0.323763564
0.468303700
0.207202976
0.116048489
0.397075754
0.000007049
0.352157459
1.000000000
0.298363223
1.000000000
0.009158754
0.970666251
1.000000000
1.000000000
0.044792730
1.000000000
0.057190749
1.000000000
1.000000000
0.997162839
0.095101808
1.000000000
1.000000000
0.438353827
1.000000000
1.000000000
0.020408894
1.000000000
0.951858188
1.000000000
0.193798880
0.652642575
0.140332483
1.000000000
1.000000000
1.000000000
0.010426454
0.035327450
1.000000000
0.261974074
1.000000000
1.000000000
1.000000000
0.165652429
0.842344242
1.000000000
1.000000000
0.183188768
0.876045616
1.000000000
1.000000000
0.205324318
1.000000000
0.346460459
0.315325588
0.000518518
1.000000000
0.011907797
0.000106234
0.259373995
0.502606025
1.000000000
0.082056495
1.000000000
0.347698350
1.000000000
1.000000000
0.383486754
0.252315789
0.031460206
1.000000000
1.000000000
1.000000000
0.614450950
1.000000000
1.000000000
0.026115190
0.851764220
1.000000000
0.228702979
1.000000000
0.208003909
0.955004637
1.000000000
1.000000000
1.000000000
0.043712347
1.000000000
1.000000000
0.258570670
1.000000000
0.998215462
0.997228677
0.019420649
0.834177561
1.000000000
0.694493373
1.000000000
0.000087884
0.853068741
1.000000000
1.000000000
0.090231735
1.000000000
1.000000000
1.000000000
0.978539952
0.221721722
1.000000000
0.002613056
0.749741541
0.842760211
1.000000000
0.074646185
0.974553011
0.027644503
0.732247217
1.000000000
1.000000000
1.000000000
0.996110357
0.382115544
1.000000000
1.000000000
0.000430250
0.067748568
0.151013372
0.669641897
0.389549292
1.000000000
0.623211572
0.998828236
0.002730436
1.000000000
1.000000000
0.004425960
1.000000000
1.000000000
0.431120337
1.000000000
1.000000000
0.993481291
0.999999745
0.008738706
1.000000000
1.000000000
1.000000000
1.000000000
1.000000000
0.029629825
0.426854744
1.000000000
0.326428420
0.895918494
0.929201108
1.000000000
0.044217084
0.100817143
1.000000000
1.000000000
1.000000000
1.000000000
0.994610493
1.000000000
1.000000000
0.480595456
0.095137113
0.293439871
0.467291333
0.297469572
0.137459190
0.958433988
1.000000000
1.000000000
0.607899205
1.000000000
1.000000000
0.029022434
0.001848967
1.000000000
0.999304817
0.013035598
1.000000000
1.000000000
0.347183393
1.000000000
0.174972204
1.000000000
0.971980295
1.000000000
1.000000000
1.000000000
0.678646706
1.000000000
1.000000000
0.100909826
0.134421100
0.006096694
1.000000000
0.994965033
0.886361260
1.000000000
0.994291909
0.829508957
0.985363754
0.320628403
0.916060096
1.000000000
0.774212681
1.000000000
0.187349613
0.999986731
0.386572852
0.679097148
1.000000000
0.960525167
1.000000000
0.330974410
0.000029355
1.000000000
0.999993657
0.356568448
1.000000000
0.000341782
0.544074558
0.643020477
0.044267201
0.955315366
1.000000000
0.684613621
1.000000000
0.288621635
1.000000000
0.980263080
1.000000000
1.000000000
1.000000000
0.801722925
1.000000000
0.000185575
1.000000000
1.000000000
1.000000000
0.126214697
1.000000000
0.999296747
0.993935741
1.000000000
0.221284782
1.000000000
0.951781892
0.409149681
0.000975888
0.856344062
0.965774549
1.000000000
0.943648977
1.000000000
1.000000000
1.000000000
0.987753574
0.867882103
0.053884634
0.138968012
0.000001030
0.667519576
0.000438650
0.998367498
0.996203869
0.924351838
1.000000000
0.977970752
1.000000000
0.487538568
0.078346106
0.974620235
1.000000000
0.985600989
1.000000000
1.000000000
1.000000000
1.000000000
0.933096524
1.000000000
0.531581841
1.000000000
0.071785509
1.000000000
0.491074776
0.000245771
1.000000000
0.992264777
1.000000000
0.983939148
0.773220242
0.299324774
0.980915015
1.000000000
0.773258995
1.000000000
1.000000000
0.039594658
0.591465203
0.835840329
0.131750907
0.026705374
0.526138794
0.985611333
0.549392973
0.553949826
0.420938783
1.000000000
0.233563529
1.000000000
0.963819405
1.000000000
0.839287786
0.999950686
0.271874762
0.025653066
0.200764464
1.000000000
1.000000000
1.000000000
1.000000000
1.000000000
1.000000000
0.998719547
0.995567562
0.964742766
0.908146993
1.000000000
1.000000000
0.998952655
1.000000000
1.000000000
1.000000000
0.557797319
1.000000000
0.504881107
1.000000000
0.299440182
0.101984756
1.000000000
1.000000000
0.972307130
1.000000000
1.000000000
1.000000000
1.000000000
0.030733767
0.007480396
0.367128470
0.004227373
1.000000000
1.000000000
0.042428483
0.966701938
0.981171255
1.000000000
1.000000000
1.000000000
1.000000000
1.000000000
1.000000000
0.828937535
1.000000000
0.997796567
0.857607261
0.611582295
1.000000000
0.003178403
0.114872037
0.026223323
1.000000000
0.167611352
1.000000000
0.639616664
0.338297326
1.000000000
1.000000000
0.999380043
1.000000000
1.000000000
1.000000000
1.000000000
1.000000000
0.999784797
1.000000000
0.013818797
0.011149062
1.000000000
0.946448268
1.000000000
1.000000000
0.998858126
1.000000000
0.771787663
1.000000000
1.000000000
1.000000000
1.000000000
0.147547864
0.982627625
0.999402566
0.853454797
0.999241513
1.000000000
0.819677397
0.355332447
0.999099158
0.388667046
1.000000000
0.163237889
0.373933306
1.000000000
1.000000000
1.000000000
1.000000000
0.530184487
0.998616960
0.314943835
0.002207683
0.566011259
1.000000000
1.000000000
1.000000000
0.015534447
0.905594847
1.000000000
1.000000000
1.000000000
0.803910770
1.000000000
1.000000000
0.020473893
1.000000000
0.997111119
1.000000000
0.963304830
0.317254373
1.000000000
1.000000000
1.000000000
1.000000000
1.000000000
1.000000000
0.268927826
0.335551419
1.000000000
1.000000000
1.000000000
1.000000000
0.677901188
1.000000000
1.000000000
0.995736353
0.977137205
0.977012529
0.954072415
1.000000000
0.474087520
0.349892404
0.671393639
0.107206312
0.980244345
0.644384929
0.805731473
0.003363853
0.376684580
0.999892358
1.000000000
0.999563167
0.101247403
1.000000000
0.999994426
0.965859504
1.000000000
0.500000000
1.000000000
0.010016500
0.001443836
1.000000000
1.000000000
0.341687618
1.000000000
1.000000000
0.819701048
1.000000000
1.000000000
0.998720746
1.000000000
1.000000000
0.100977787
1.000000000
0.283720973
1.000000000
0.796764253
0.232037581
1.000000000
1.000000000
1.000000000
0.030675188
0.976588787
0.359271257
0.011409195
0.831407979
1.000000000
0.857018771
0.119031532
1.000000000
0.089086131
1.000000000
0.799462906
0.428176952
1.000000000
0.269098281
0.992405019
1.000000000
0.909549746
1.000000000
0.456550612
0.324804184
0.003820513
0.999995844
1.000000000
1.000000000
0.000991423
1.000000000
0.001141675
0.714068898
0.507094837
0.370241434
1.000000000
1.000000000
0.999036136
1.000000000
0.921668177
1.000000000
0.620778786
0.888536738
1.000000000
1.000000000
1.000000000
0.098621775
1.000000000
0.769870832
0.093966529
0.070546268
1.000000000
1.000000000
0.105052583
1.000000000
0.000387154
0.966754998
1.000000000
0.006631737
0.019787965
0.262733248
1.000000000
0.846038353
1.000000000
1.000000000
0.979904446
0.715658482
1.000000000
0.869474479
0.996071808
0.696656654
0.026650614
0.090482725
0.872609667
0.210592620
1.000000000
1.000000000
0.979057580
0.247387237
0.175729764
1.000000000
0.993042724
0.995229999
0.993824534
0.103520936
0.841267452
0.972048457
0.500027874
1.000000000
1.000000000
1.000000000
0.773179087
0.420852393
1.000000000
1.000000000
0.614574587
0.996469641
0.338423566
1.000000000
0.983882788
1.000000000
0.944287585
0.947530864
1.000000000
1.000000000
0.964980191
0.975762519
0.883113266
0.192960727
1.000000000
0.054499101
0.236365240
0.998431846
1.000000000
0.313051085
0.714447481
1.000000000
0.991779193
0.398894488
1.000000000
1.000000000
1.000000000
0.466727987
1.000000000
1.000000000
1.000000000
0.983509830
1.000000000
0.212238708
0.960328711
1.000000000
0.627453057
0.910311289
1.000000000
0.446026128
0.987128782
0.607959099
0.995195105
0.837267420
1.000000000
1.000000000
0.888424722
0.993790520
0.908035431
1.000000000
0.238076097
0.915357198
1.000000000
0.012932647
1.000000000
0.593462308
1.000000000
0.994288835
1.000000000
0.833886425
0.027555034
0.996358117
0.982088659
1.000000000
0.812396766
1.000000000
1.000000000
1.000000000
0.025040272
0.014856574
1.000000000
0.249689551
0.000627074
0.465939733
0.025404568
0.954018333
0.228538984
0.148620286
0.617977931
1.000000000
1.000000000
1.000000000
0.960066375
1.000000000
1.000000000
0.407050802
0.001108549
1.000000000
1.000000000
0.504289521
1.000000000
0.926659764
0.999532523
0.929044908
1.000000000
1.000000000
1.000000000
0.992151679
1.000000000
0.646830669
1.000000000
0.016743585
1.000000000
0.665580062
0.000107070
1.000000000
0.995117280
0.348809967
1.000000000
1.000000000
1.000000000
0.500000000
0.992888741
0.358262344
1.000000000
0.999949080
1.000000000
0.312901836
0.961505705
1.000000000
1.000000000
1.000000000
0.634783757
1.000000000
0.010961893
1.000000000
0.347804661
0.513563292
0.860883261
0.006169314
0.693080485
0.002232141
0.916424046
1.000000000
1.000000000
1.000000000
0.251575899
1.000000000
1.000000000
0.720802413
1.000000000
0.873175956
0.960059714
1.000000000
0.973720431
0.093510262
1.000000000
0.000008424
1.000000000
0.000001069
0.005609097
1.000000000
0.017309775
1.000000000
0.015225160
0.989113392
0.994197609
1.000000000
0.004310655
1.000000000
0.999976544
1.000000000
0.040475556
1.000000000
1.000000000
1.000000000
1.000000000
1.000000000
0.004813781
0.997727674
0.160343046
1.000000000
1.000000000
0.998897909
1.000000000
1.000000000
0.840174887
1.000000000
0.999393984
0.377477690
1.000000000
1.000000000
0.710671132
1.000000000
1.000000000
1.000000000
0.394139158
0.998959032
0.514409954
0.800717048
0.209421972
1.000000000
1.000000000
0.000627074
0.999019476
1.000000000
1.000000000
1.000000000
1.000000000
1.000000000
0.999454192
0.797761821
1.000000000
0.999932275
1.000000000
1.000000000
0.104534194
0.874430575
0.004912516
1.000000000
0.038531373
1.000000000
1.000000000
0.003610170
1.000000000
0.056863351
0.232174184
1.000000000
1.000000000
0.000157534
0.638765623
0.899346066
1.000000000
1.000000000
0.000259821
1.000000000
0.819561365
1.000000000
1.000000000
0.841624065
1.000000000
0.978404857
0.537139922
1.000000000
1.000000000
1.000000000
1.000000000
1.000000000
1.000000000
0.971449762
0.203351183
1.000000000
0.713440901
0.357602682
1.000000000
0.877006394
1.000000000
0.001705380
1.000000000
1.000000000
1.000000000
0.999649410
1.000000000
0.811764723
1.000000000
1.000000000
1.000000000
1.000000000
1.000000000
0.826618907
0.005140961
0.373021173
1.000000000
0.614744239
0.954181886
1.000000000
1.000000000
0.789888218
0.878278334
0.958613838
1.000000000
1.000000000
1.000000000
0.350553523
1.000000000
1.000000000
1.000000000
0.694454296
0.930998059
0.961030822
1.000000000
0.998513875
1.000000000
0.697249464
0.317730534
1.000000000
0.985178124
1.000000000
0.323065338
1.000000000
1.000000000
1.000000000
1.000000000
1.000000000
0.005060768
0.863253178
1.000000000
1.000000000
0.585698360
1.000000000
1.000000000
0.772038628
0.245881908
0.207271379
1.000000000
0.994781116
1.000000000
0.652698293
0.000000000
0.001056439
1.000000000
1.000000000
0.981967907
1.000000000
1.000000000
1.000000000
0.950459275
1.000000000
1.000000000
0.913933539
0.005247589
0.000000000
1.000000000
0.982712512
1.000000000
0.940006945
0.488006405
0.209733777
0.999998004
0.089698538
1.000000000
1.000000000
0.989055967
0.269458967
0.999486154
0.930022896
0.078542588
0.923057493
0.124491516
0.001501729
0.914080830
1.000000000
0.800579830
0.769993738
0.587964055
0.848957182
0.998449408
1.000000000
1.000000000
0.658590184
1.000000000
0.627827260
1.000000000
1.000000000
0.009064363
1.000000000
0.999297448
1.000000000
0.994110022
0.612817959
0.925461566
0.837029368
1.000000000
1.000000000
1.000000000
1.000000000
0.220320151
0.006709479
1.000000000
0.036499927
0.348734124
1.000000000
1.000000000
1.000000000
1.000000000
0.999095443
0.137015706
1.000000000
1.000000000
0.999298255
1.000000000
1.000000000
1.000000000
0.750000000
1.000000000
1.000000000
1.000000000
0.116263744
1.000000000
0.148372786
1.000000000
0.989673798
1.000000000
1.000000000
1.000000000
1.000000000
0.190633220
0.654478309
0.302852416
0.630341050
0.912413941
0.253222047
0.994079884
0.183590387
1.000000000
0.052628576
0.571611068
0.988504393
1.000000000
0.000349517
1.000000000
1.000000000
1.000000000
1.000000000
1.000000000
0.014917381
1.000000000
0.176370805
1.000000000
0.565038589
0.142172097
0.000485206
1.000000000
0.985125503
1.000000000
1.000000000
0.998878884
0.125783027
0.920318086
1.000000000
0.763324242
0.546703544
1.000000000
1.000000000
0.212752925
0.014108258
1.000000000
0.000062661
1.000000000
1.000000000
1.000000000
1.000000000
0.246114138
0.999995864
1.000000000
0.007721532
1.000000000
0.009444715
0.976830553
1.000000000
1.000000000
0.209801006
1.000000000
0.818866456
0.001885094
1.000000000
0.998932151
1.000000000
1.000000000
0.530625350
1.000000000
1.000000000
1.000000000
0.780496255
1.000000000
1.000000000
1.000000000
1.000000000
0.893424082
0.586123035
0.773317810
0.548137266
1.000000000
0.958297412
0.246166996
1.000000000
1.000000000
0.821806975
1.000000000
1.000000000
0.113633373
1.000000000
0.931206682
1.000000000
0.997377493
1.000000000
1.000000000
0.000000686
0.769555162
0.814827966
1.000000000
0.074516123
1.000000000
1.000000000
1.000000000
0.238443704
1.000000000
0.970704996
1.000000000
1.000000000
1.000000000
0.772478170
1.000000000
0.996928977
0.004245980
1.000000000
1.000000000
0.744143647
1.000000000
0.538479445
0.838549117
1.000000000
0.983075272
1.000000000
1.000000000
1.000000000
0.908523068
0.000041615
0.000445206
1.000000000
0.932381184
0.000033350
0.053588021
1.000000000
0.956280719
0.125000000
0.996072966
1.000000000
0.989225883
1.000000000
0.120243647
1.000000000
0.000299218
0.099665517
0.057997777
1.000000000
0.720917458
0.999998631
1.000000000
0.087231565
0.937524280
0.710402411
1.000000000
0.983723220
1.000000000
1.000000000
0.468195118
0.992559531
0.005556899
1.000000000
0.921836037
1.000000000
0.978848556
1.000000000
1.000000000
1.000000000
0.896148174
0.999257239
1.000000000
0.997521676
1.000000000
0.000308447
0.000334936
0.046348483
1.000000000
1.000000000
0.617756653
0.126822300
1.000000000
0.618377640
0.000182546
1.000000000
0.000952674
1.000000000
1.000000000
1.000000000
0.239526232
0.992963685
0.459955159
1.000000000
0.886683982
1.000000000
1.000000000
0.612158883
1.000000000
1.000000000
1.000000000
0.610987976
0.997873389
0.017218717
0.038891193
0.442602043
0.977860765
0.750000000
0.025224168
0.761892979
0.103211953
1.000000000
1.000000000
0.975528720
0.710882135
1.000000000
0.672101939
1.000000000
1.000000000
0.058341306
1.000000000
0.460612937
0.877084050
1.000000000
1.000000000
0.150589240
1.000000000
1.000000000
0.031661856
0.953623781
1.000000000
0.000178432
0.999947712
0.997931725
0.938726534
0.510592006
0.001908834
0.060214598
0.004060745
0.000419533
0.865682720
1.000000000
0.925608418
1.000000000
1.000000000
0.003197054
0.533229537
1.000000000
1.000000000
0.147196288
0.004055720
1.000000000
0.996154726
1.000000000
0.984688445
0.000121304
1.000000000
0.017182579
0.968860165
1.000000000
1.000000000
0.999246438
1.000000000
0.660092818
1.000000000
1.000000000
0.653589201
0.996768027
0.018425060
1.000000000
1.000000000
0.901992063
1.000000000
0.883363374
0.510943648
0.034492605
1.000000000
0.127595550
1.000000000
1.000000000
0.996351131
1.000000000
1.000000000
0.340968940
1.000000000
1.000000000
0.939471149
0.913566602
1.000000000
1.000000000
0.560596328
0.264552504
0.342614145
0.370249284
1.000000000
0.054726743
0.987994415
0.829526509
0.924642362
1.000000000
0.072199644
1.000000000
1.000000000
1.000000000
0.090939585
0.996193804
1.000000000
0.970738946
0.990811343
1.000000000
0.002106289
0.559572307
1.000000000
0.000184812
0.057130479
0.010471857
1.000000000
0.992921593
0.942286541
0.984678186
0.947687645
0.015715122
0.709282150
1.000000000
0.805711559
0.460949613
0.310854747
0.859827138
0.697490382
1.000000000
0.000040572
0.522721261
1.000000000
0.964342974
0.848562196
1.000000000
0.133649498
0.075959919
1.000000000
1.000000000
0.247990508
0.798580401
1.000000000
0.000541838
0.251908061
1.000000000
0.987989408
1.000000000
0.999278752
1.000000000
0.254781651
0.994523932
1.000000000
1.000000000
0.000000000
0.351599248
0.797539885
1.000000000
0.996122806
1.000000000
0.904661457
0.543529069
0.122223276
1.000000000
0.012981932
1.000000000
0.761791455
0.032889437
0.915098421
1.000000000
0.380106910
1.000000000
0.937707758
1.000000000
1.000000000
1.000000000
1.000000000
1.000000000
0.341902692
0.425356901
1.000000000
1.000000000
1.000000000
0.772663174
1.000000000
0.156111650
0.378869972
0.431357925
1.000000000
0.235495133
0.804010535
0.395778000
0.001446711
1.000000000
0.999874224
1.000000000
0.562617229
0.991242606
1.000000000
0.617955258
0.957624401
1.000000000
0.019771874
0.016005543
0.968626861
1.000000000
0.998533534
1.000000000
0.503505739
1.000000000
0.821231950
1.000000000
1.000000000
0.997075393
0.736745018
0.625449967
1.000000000
0.875041121
1.000000000
0.554532102
0.976003300
0.993842264
0.475996810
1.000000000
1.000000000
0.013459364
1.000000000
0.358699939
0.115350561
0.252490069
0.016663663
1.000000000
0.000458103
1.000000000
1.000000000
0.000064394
0.117760485
0.008434326
1.000000000
1.000000000
1.000000000
1.000000000
1.000000000
0.046456780
0.810007347
0.935724278
0.810815108
0.736940676
1.000000000
1.000000000
0.000802574
0.808043351
1.000000000
1.000000000
1.000000000
1.000000000
1.000000000
1.000000000
1.000000000
0.924856003
0.035277711
0.998348148
1.000000000
1.000000000
0.982021858
1.000000000
1.000000000
1.000000000
0.074580520
1.000000000
1.000000000
0.365296524
1.000000000
0.906040109
1.000000000
1.000000000
0.045884890
0.989142331
1.000000000
1.000000000
0.190000483
0.189914878
1.000000000
1.000000000
0.563516560
0.018926407
0.029703999
0.898586908
1.000000000
1.000000000
0.876267644
1.000000000
0.053800090
1.000000000
1.000000000
1.000000000
1.000000000
0.010343407
1.000000000
0.689004573
0.103298584
1.000000000
0.721365099
1.000000000
0.956276866
0.000592373
1.000000000
1.000000000
0.565672849
1.000000000
0.285368077
1.000000000
1.000000000
0.000048082
0.998401957
0.875662793
0.921387464
0.398770694
0.007098499
0.417302231
0.206680627
1.000000000
1.000000000
0.908602823
1.000000000
0.993851920
1.000000000
1.000000000
1.000000000
0.245797109
1.000000000
0.364938918
1.000000000
0.664901296
0.993253766
0.200248034
0.711707396
0.998732357
0.258044589
0.909789240
0.099055036
0.000370598
1.000000000
0.967063598
1.000000000
0.090574206
0.396512320
0.643747243
0.618986939
0.041290623
0.979064898
0.598715115
1.000000000
1.000000000
1.000000000
0.983608419
1.000000000
1.000000000
0.899284733
0.002190954
0.104937991
1.000000000
0.173347996
1.000000000
1.000000000
1.000000000
1.000000000
0.000031480
1.000000000
1.000000000
1.000000000
0.791793643
0.997512444
0.113168766
0.982877136
1.000000000
1.000000000
0.092986680
1.000000000
1.000000000
0.889639721
1.000000000
1.000000000
0.142909937
1.000000000
0.924294742
0.410598172
1.000000000
0.011513638
0.867324922
1.000000000
1.000000000
0.999991690
1.000000000
0.630433904
0.712340408
1.000000000
0.243468395
0.192279651
0.486192577
0.571352465
0.999443866
0.954361222
1.000000000
1.000000000
0.190636367
0.590703579
0.159733257
0.081782758
1.000000000
0.014162887
0.459431240
1.000000000
0.664484681
1.000000000
0.242360179
0.080010029
0.344286726
0.004156322
1.000000000
1.000000000
0.866600597
1.000000000
1.000000000
0.043115961
0.031550069
0.853028547
0.258226692
1.000000000
0.000545571
1.000000000
0.064958985
0.219278907
0.392182622
1.000000000
1.000000000
1.000000000
0.001080072
1.000000000
0.511167356
0.944440279
0.987907785
0.865995491
0.995831523
0.987708437
0.608255806
1.000000000
0.979429529
1.000000000
1.000000000
0.829261269
1.000000000
0.122575975
1.000000000
0.975182763
1.000000000
1.000000000
1.000000000
1.000000000
0.997345035
0.771782983
0.600624707
1.000000000
1.000000000
1.000000000
1.000000000
0.090589793
0.864288290
0.371036342
1.000000000
0.520576212
0.744055587
0.000937574
0.105101669
0.004338727
1.000000000
0.999824436
1.000000000
1.000000000
0.894760326
0.232006961
0.937309529
1.000000000
1.000000000
0.205014782
1.000000000
0.544897772
0.612550219
0.579061217
0.734993390
0.643442952
0.200149740
0.276674754
0.999937150
1.000000000
0.912140619
0.736450621
0.012252844
0.861659279
0.776939461
0.999997619
1.000000000
1.000000000
1.000000000
0.276541953
0.734643207
1.000000000
1.000000000
0.189670955
0.006903701
0.135626375
1.000000000
1.000000000
1.000000000
0.500000000
0.999812007
0.484742830
1.000000000
0.993175020
0.005028491
0.601571056
0.628040680
0.095485711
1.000000000
0.086519662
0.815209627
0.068828039
0.784251588
0.936413598
1.000000000
0.995216097
1.000000000
1.000000000
1.000000000
0.659216994
0.044640759
0.177962719
1.000000000
1.000000000
1.000000000
0.898465812
0.130150526
1.000000000
1.000000000
0.868248357
1.000000000
1.000000000
1.000000000
0.329901560
0.901649877
0.527386716
0.108158063
0.999981616
0.304134396
0.708283233
0.108791725
1.000000000
0.738721207
1.000000000
0.455213934
1.000000000
1.000000000
1.000000000
1.000000000
1.000000000
0.225254748
0.969229220
1.000000000
1.000000000
0.093766638
1.000000000
0.901995767
0.964940192
