1.000000000
0.687500000
0.873416481
1.000000000
0.995584156
1.000000000
0.015569068
0.996927203
0.306960945
1.000000000
0.000465314
1.000000000
0.789345411
1.000000000
0.703230066
0.862058820
0.653000000
0.472419648
1.000000000
1.000000000
1.000000000
0.347435059
0.074351902
0.833726232
0.423856422
1.000000000
1.000000000
0.978589928
1.000000000
0.457245568
1.000000000
1.000000000
0.169922079
1.000000000
0.953020374
0.278502924
0.001913366
0.280370308
1.000000000
0.997706795
0.846664038
0.396086910
0.957379327
1.000000000
0.887099326
0.000349238
0.999986302
0.034494457
1.000000000
1.000000000
0.788597943
0.959246352
1.000000000
0.159576815
0.159740172
1.000000000
0.925110401
0.214481904
0.993151914
0.018087635
0.635539567
0.924888244
0.688579134
0.727608911
0.064768681
1.000000000
0.999883680
0.994754742
0.231638086
1.000000000
1.000000000
0.123984486
0.226944249
0.616304626
0.983136136
1.000000000
0.957683463
0.025033578
1.000000000
1.000000000
0.088309776
1.000000000
1.000000000
0.627770096
1.000000000
0.058733109
0.866803311
1.000000000
1.000000000
0.409001278
1.000000000
0.808832080
0.025360140
0.065762933
1.000000000
1.000000000
0.664551633
0.457591261
1.000000000
1.000000000
0.917858103
0.048795750
1.000000000
0.836995962
0.699648582
1.000000000
1.000000000
0.506171837
1.000000000
0.828185016
1.000000000
1.000000000
0.115854377
1.000000000
1.000000000
0.033964259
1.000000000
0.088806615
0.044782766
1.000000000
0.997618924
1.000000000
1.000000000
0.987432850
0.987093932
1.000000000
1.000000000
0.973254507
1.000000000
1.000000000
0.996165034
0.062020278
0.831345807
0.933107142
0.563462674
1.000000000
1.000000000
1.000000000
0.555258688
1.000000000
1.000000000
1.000000000
1.000000000
0.864526713
1.000000000
0.999545009
0.999942268
1.000000000
1.000000000
0.830701078
1.000000000
0.154613023
1.000000000
0.986621068
0.980768007
1.000000000
0.029818804
1.000000000
1.000000000
1.000000000
0.351049963
1.000000000
0.735926047
0.401494250
0.797298155
1.000000000
0.369340285
1.000000000
0.906872215
0.998811876
0.831690151
0.457334369
1.000000000
0.048616619
1.000000000
1.000000000
0.510658182
1.000000000
1.000000000
0.962670598
1.000000000
1.000000000
1.000000000
0.089276292
0.333153068
1.000000000
1.000000000
1.000000000
1.000000000
1.000000000
0.941715864
1.000000000
0.211002054
0.500000000
0.009546331
1.000000000
1.000000000
1.000000000
1.000000000
0.109884386
1.000000000
1.000000000
0.999556101
0.736907417
0.982735618
1.000000000
0.457845747
1.000000000
0.931369743
1.000000000
1.000000000
0.999908905
1.000000000
0.020280299
1.000000000
0.809324642
0.970654048
0.025761375
0.132475982
1.000000000
1.000000000
1.000000000
1.000000000
1.000000000
0.987149761
1.000000000
0.966790368
0.956265987
0.105262226
1.000000000
1.000000000
0.656646668
0.730877731
0.323361600
1.000000000
1.000000000
1.000000000
1.000000000
0.266072599
0.058898556
0.924521655
1.000000000
0.286037701
0.003726456
0.867641533
0.500000000
1.000000000
0.939822139
0.578136680
1.000000000
1.000000000
1.000000000
1.000000000
0.437542649
0.699206549
1.000000000
1.000000000
1.000000000
0.681279563
0.996962373
1.000000000
0.956094806
1.000000000
1.000000000
1.000000000
1.000000000
0.172916410
0.074510047
1.000000000
1.000000000
0.298646928
1.000000000
0.488845447
1.000000000
0.896144838
1.000000000
0.494600663
0.984522997
1.000000000
1.000000000
0.784635396
0.951091308
1.000000000
0.508370351
0.202781272
0.006243369
0.011353096
1.000000000
1.000000000
0.995308968
0.999911001
0.225235967
1.000000000
0.000000000
0.000637468
1.000000000
1.000000000
1.000000000
0.634903595
1.000000000
0.390734637
0.842214626
1.000000000
0.064641821
1.000000000
0.736252518
1.000000000
1.000000000
0.544533314
1.000000000
0.992620343
1.000000000
1.000000000
0.978328393
1.000000000
1.000000000
0.823281654
0.037868732
0.026419419
1.000000000
0.999930075
0.558681584
0.741982964
1.000000000
0.524124725
1.000000000
1.000000000
1.000000000
0.996416809
0.037242404
0.237318648
1.000000000
0.963000997
0.087368391
1.000000000
0.958668235
1.000000000
0.747750785
1.000000000
1.000000000
0.038969795
1.000000000
0.024411031
1.000000000
0.275497472
1.000000000
1.000000000
0.035731062
0.016044605
0.998920497
0.813892522
1.000000000
0.450571642
0.419252118
0.991073357
0.325530033
1.000000000
0.526165767
0.232000698
0.252523420
0.008759710
1.000000000
0.008789447
0.830365180
0.236984824
0.124815726
0.025777343
1.000000000
1.000000000
0.083322187
1.000000000
1.000000000
0.625646678
0.067512795
1.000000000
0.462350676
1.000000000
0.001815327
0.519930178
0.003183007
0.100862509
0.904485984
0.015868961
0.963489995
1.000000000
0.638837869
0.391016771
1.000000000
1.000000000
1.000000000
1.000000000
1.000000000
0.262675586
0.717421571
0.470632871
1.000000000
1.000000000
0.080759445
1.000000000
1.000000000
0.948110564
0.138739018
0.994819578
0.003605866
1.000000000
1.000000000
0.675152604
0.668578509
0.999499229
1.000000000
1.000000000
1.000000000
1.000000000
1.000000000
0.608494116
0.151620364
1.000000000
0.786047268
0.000000284
0.757437534
1.000000000
1.000000000
1.000000000
1.000000000
0.495765094
1.000000000
1.000000000
1.000000000
0.095783610
0.153434889
0.447100819
1.000000000
0.300074559
1.000000000
1.000000000
0.141030299
1.000000000
1.000000000
0.090395773
1.000000000
1.000000000
1.000000000
0.001639359
0.001504194
1.000000000
1.000000000
1.000000000
1.000000000
0.006348658
0.594857589
0.020972806
1.000000000
0.398012679
0.799687893
0.947136099
0.843757861
1.000000000
0.004221470
0.034547050
0.031373139
0.999951673
0.999926481
0.078927460
0.838469867
0.001455975
1.000000000
0.868656593
1.000000000
0.008355987
0.902012754
1.000000000
1.000000000
1.000000000
0.741455746
0.993380328
1.000000000
0.100904224
0.159830579
0.811394830
0.997671797
1.000000000
0.922370203
0.941831087
0.013460031
1.000000000
1.000000000
0.196463016
0.985563443
0.982076141
0.018281460
0.735293604
0.000000000
1.000000000
1.000000000
1.000000000
0.811763573
0.927627329
1.000000000
0.521892722
0.612578760
0.362215962
0.795245539
1.000000000
1.000000000
1.000000000
0.706406309
1.000000000
1.000000000
0.355288688
0.001063704
0.632475148
1.000000000
1.000000000
0.999575075
0.997657870
0.031669031
1.000000000
1.000000000
1.000000000
0.937921819
1.000000000
0.844084478
1.000000000
1.000000000
1.000000000
0.066676155
0.750576853
1.000000000
1.000000000
0.134471739
0.072062132
0.989867143
1.000000000
0.628934363
1.000000000
1.000000000
1.000000000
1.000000000
0.011390299
0.858945701
0.331009042
0.539975214
0.563947836
0.623189764
1.000000000
1.000000000
0.149942512
0.937500000
1.000000000
1.000000000
1.000000000
0.160279559
0.868666444
0.001397064
1.000000000
1.000000000
0.000049314
0.500000000
1.000000000
1.000000000
1.000000000
0.979920589
0.500000000
0.583281021
0.577576050
0.501114291
0.018747750
1.000000000
0.745501582
0.759974319
1.000000000
1.000000000
0.995299942
0.416184339
1.000000000
1.000000000
1.000000000
1.000000000
0.090858314
1.000000000
0.000136145
0.998810834
1.000000000
1.000000000
0.914292264
0.019366739
1.000000000
0.639467706
1.000000000
0.000086440
1.000000000
0.446258323
1.000000000
1.000000000
1.000000000
0.778930666
1.000000000
1.000000000
1.000000000
0.221867439
0.998164478
0.000021712
1.000000000
1.000000000
0.911229661
0.130614677
0.134973080
1.000000000
0.996570410
0.715304005
1.000000000
0.908493062
0.643606476
0.496254883
1.000000000
0.398122840
1.000000000
1.000000000
1.000000000
0.069418346
1.000000000
1.000000000
1.000000000
0.975160983
0.324743612
1.000000000
0.164485961
1.000000000
1.000000000
1.000000000
1.000000000
1.000000000
1.000000000
0.317267145
0.493819032
1.000000000
1.000000000
1.000000000
0.893235168
0.491810995
0.999586317
1.000000000
1.000000000
0.000130972
0.354327256
0.146221126
1.000000000
1.000000000
0.164672380
1.000000000
0.298935417
0.544039116
0.002319472
0.520489971
1.000000000
1.000000000
1.000000000
0.987206004
0.978709454
1.000000000
1.000000000
0.000725083
0.001896481
1.000000000
1.000000000
0.680481563
1.000000000
0.158646205
0.874664221
1.000000000
0.280075400
1.000000000
0.999981908
0.279359155
0.081602426
1.000000000
0.022462689
1.000000000
0.982916563
1.000000000
1.000000000
0.983903779
1.000000000
0.241185695
0.675516435
0.002939622
1.000000000
0.731042361
1.000000000
0.994780554
1.000000000
1.000000000
0.447449449
1.000000000
1.000000000
1.000000000
1.000000000
1.000000000
1.000000000
0.033069953
0.999430854
1.000000000
0.017845332
1.000000000
1.000000000
0.851191709
0.041651448
0.073663987
1.000000000
1.000000000
0.148939802
0.356210343
0.773104050
0.889121943
0.960156669
0.247007887
0.028720636
0.115276580
1.000000000
1.000000000
1.000000000
1.000000000
1.000000000
1.000000000
0.402917533
0.359154393
1.000000000
0.970784843
0.554827233
0.843632469
1.000000000
0.396637733
1.000000000
1.000000000
0.348062435
1.000000000
0.073205570
1.000000000
0.110610436
1.000000000
1.000000000
0.808937174
1.000000000
1.000000000
0.203028031
0.781212865
1.000000000
0.973647388
0.185175782
1.000000000
1.000000000
0.001252444
0.001343809
1.000000000
0.173682119
1.000000000
0.000114243
1.000000000
0.351383768
1.000000000
1.000000000
0.909259909
1.000000000
1.000000000
0.246917517
1.000000000
1.000000000
0.985125503
0.001107101
1.000000000
1.000000000
1.000000000
0.002909527
1.000000000
0.024952300
1.000000000
1.000000000
0.708028609
0.859809834
1.000000000
0.724769488
1.000000000
0.647150800
0.206907220
0.023456703
0.002285051
0.998089417
1.000000000
0.125748728
1.000000000
1.000000000
1.000000000
0.992069945
0.982397289
0.022313661
0.529859181
0.611499252
1.000000000
0.018227684
1.000000000
1.000000000
1.000000000
1.000000000
0.007254295
0.078460213
1.000000000
0.309680205
1.000000000
0.030546729
1.000000000
0.978395350
1.000000000
1.000000000
1.000000000
0.000304882
1.000000000
0.108838859
0.820207558
0.261587437
0.010149641
0.228108290
0.465618086
0.000589017
1.000000000
1.000000000
0.017053088
0.902369487
0.693526722
1.000000000
0.966735437
0.000069464
0.153409529
1.000000000
0.602879790
1.000000000
1.000000000
0.996726086
1.000000000
1.000000000
0.114066454
1.000000000
0.001084893
0.153287427
0.037672837
1.000000000
0.301294664
1.000000000
0.804421452
1.000000000
1.000000000
0.896879408
0.829215141
0.992137754
1.000000000
1.000000000
0.515610277
0.898229848
0.598252292
0.000008424
1.000000000
0.601862229
1.000000000
0.324197832
0.998059479
1.000000000
1.000000000
0.924295905
1.000000000
0.004733821
0.951278066
1.000000000
1.000000000
1.000000000
1.000000000
1.000000000
0.881832936
1.000000000
1.000000000
1.000000000
1.000000000
1.000000000
0.004478261
0.913344074
0.872565018
0.043808095
0.201201962
1.000000000
0.004298974
0.721985255
0.114556430
1.000000000
1.000000000
1.000000000
1.000000000
1.000000000
0.947313912
1.000000000
1.000000000
1.000000000
0.056012156
0.853906771
0.995177857
0.646289774
0.644927036
0.540526541
0.972801772
1.000000000
1.000000000
1.000000000
1.000000000
0.717788279
1.000000000
0.880097807
0.460393433
0.014966938
1.000000000
1.000000000
0.130119868
0.602696528
0.000035003
0.045890460
0.480721915
1.000000000
1.000000000
0.961452773
0.979241607
0.943695228
1.000000000
0.987681827
0.001889908
1.000000000
1.000000000
0.880620299
0.386331946
1.000000000
1.000000000
0.971920332
1.000000000
1.000000000
0.001232898
1.000000000
1.000000000
0.987781056
1.000000000
0.943493469
1.000000000
1.000000000
0.557783616
0.619448694
1.000000000
0.623148793
1.000000000
0.979252084
1.000000000
0.032649942
0.949624960
0.997459222
0.508691102
0.812661905
0.344123370
0.041357916
1.000000000
0.279202827
1.000000000
0.820664208
0.879494643
0.115581451
1.000000000
0.000585282
0.030753614
0.986148526
0.001508929
0.191176136
0.981831690
1.000000000
0.295335002
1.000000000
0.782306780
0.017838308
0.097643645
0.048141856
0.888794899
0.116008357
1.000000000
1.000000000
1.000000000
0.975619088
0.999911607
1.000000000
0.995295733
1.000000000
1.000000000
0.006513598
0.880755557
1.000000000
0.901261453
1.000000000
0.684255453
1.000000000
0.000302646
0.551567928
1.000000000
0.864959926
1.000000000
0.610330725
0.008286216
0.110441820
0.787766408
0.635976776
0.279146059
1.000000000
0.467072837
0.001027011
1.000000000
1.000000000
0.643423608
0.022862470
1.000000000
0.646296872
1.000000000
1.000000000
0.585097778
0.434237036
1.000000000
1.000000000
0.907507723
0.973893048
1.000000000
1.000000000
0.078123556
0.986270371
1.000000000
1.000000000
1.000000000
0.461124804
0.454816892
0.260418681
1.000000000
0.047741799
1.000000000
0.081063149
0.313649103
1.000000000
0.670789041
1.000000000
0.022576336
1.000000000
1.000000000
1.000000000
0.863294573
0.146826456
1.000000000
0.207012022
0.551175883
0.708052060
1.000000000
0.627071716
1.000000000
0.730152627
0.018342482
0.963264657
0.998948135
1.000000000
1.000000000
1.000000000
0.226665616
1.000000000
1.000000000
0.002120868
0.217734706
1.000000000
1.000000000
0.018172912
1.000000000
0.767038842
1.000000000
0.927389578
0.018070572
1.000000000
0.242223460
1.000000000
1.000000000
0.691520117
1.000000000
1.000000000
0.175386076
1.000000000
0.297280846
1.000000000
0.000512851
0.999864496
1.000000000
1.000000000
0.019773482
1.000000000
1.000000000
1.000000000
0.000000000
0.608177839
1.000000000
1.000000000
1.000000000
1.000000000
1.000000000
1.000000000
0.845098189
0.159604375
1.000000000
0.632475148
0.013267464
0.420511727
0.975634275
1.000000000
0.466871952
0.465164044
1.000000000
1.000000000
0.378494825
0.401254768
0.968367762
0.964579911
1.000000000
1.000000000
1.000000000
0.209870849
1.000000000
0.523097737
0.709612078
0.029331017
1.000000000
0.777471801
0.816326044
1.000000000
1.000000000
0.400205336
1.000000000
1.000000000
0.585710798
0.001080199
0.472832601
1.000000000
0.532336387
0.056812546
0.815690251
0.762177991
0.018518942
0.000882061
1.000000000
0.798162762
0.916572190
0.296428117
0.997586179
1.000000000
0.268697334
0.311555763
1.000000000
0.221046333
1.000000000
0.999888685
0.861739283
0.888674529
0.564534434
0.549991464
0.982258070
1.000000000
0.393059802
0.213332939
1.000000000
0.579616198
1.000000000
0.614144392
0.018368773
0.609146798
1.000000000
1.000000000
0.078675675
1.000000000
1.000000000
1.000000000
0.000564152
0.527792174
0.773165802
0.041978476
0.999655102
1.000000000
0.003139896
0.000250899
1.000000000
1.000000000
1.000000000
0.667071279
1.000000000
1.000000000
0.438917915
0.999400118
1.000000000
1.000000000
1.000000000
0.063441242
1.000000000
1.000000000
1.000000000
0.012426954
0.001377089
0.500214393
1.000000000
0.359829412
1.000000000
1.000000000
1.000000000
1.000000000
0.999951441
1.000000000
0.948300849
0.723098761
0.942790416
0.002234712
0.074399513
1.000000000
1.000000000
0.128600903
0.833807729
1.000000000
1.000000000
0.810108572
1.000000000
0.999915207
0.981630652
0.856465079
0.232188181
1.000000000
0.414889834
1.000000000
1.000000000
0.907247681
0.979871961
0.971303342
1.000000000
1.000000000
0.541650567
1.000000000
0.099535777
1.000000000
1.000000000
1.000000000
1.000000000
1.000000000
0.362636033
1.000000000
0.654593946
1.000000000
0.000187533
1.000000000
0.275213495
1.000000000
0.944345363
0.986478238
0.841939660
1.000000000
1.000000000
0.828816808
0.772013590
0.031124531
1.000000000
1.000000000
0.999976374
1.000000000
1.000000000
1.000000000
1.000000000
0.994939433
1.000000000
0.828618954
0.667424267
1.000000000
1.000000000
1.000000000
1.000000000
0.764446459
0.987065697
0.203807815
0.005840626
1.000000000
0.577328943
1.000000000
1.000000000
0.962539958
1.000000000
0.385451739
0.341957612
1.000000000
0.974490843
0.810540583
1.000000000
1.000000000
0.070171852
0.005330432
1.000000000
0.375015579
0.717378508
0.007955473
1.000000000
0.723185591
1.000000000
0.042166146
0.956255926
1.000000000
1.000000000
1.000000000
0.507100744
1.000000000
0.782023677
1.000000000
0.528849242
0.013424547
0.001087087
1.000000000
0.185067753
1.000000000
0.956703591
1.000000000
0.941223982
0.424741813
0.376837029
0.250000000
0.000130899
0.000000000
0.722075944
1.000000000
1.000000000
1.000000000
1.000000000
0.982555742
0.557885762
0.000001668
0.001367809
1.000000000
1.000000000
0.999494328
0.540328331
0.089679948
1.000000000
0.343938213
0.989143026
0.757437534
0.841027819
0.976991873
1.000000000
0.871321069
0.099150300
1.000000000
0.002412881
0.758436929
0.873564823
1.000000000
1.000000000
1.000000000
0.000498603
0.566673822
0.003223638
1.000000000
1.000000000
1.000000000
0.118937639
1.000000000
1.000000000
1.000000000
0.134202815
1.000000000
1.000000000
1.000000000
0.336320484
0.047032814
1.000000000
0.944841894
0.024670818
1.000000000
0.673205274
1.000000000
1.000000000
0.146575073
0.106956885
0.926934815
0.207816976
1.000000000
0.989963415
1.000000000
0.618430721
0.614499268
0.724612257
0.923667092
1.000000000
0.976043090
0.975688573
0.000607638
1.000000000
0.850430107
0.000027951
1.000000000
1.000000000
1.000000000
0.791483316
0.655289369
1.000000000
0.872968877
1.000000000
0.681679560
0.079756390
1.000000000
0.661074790
1.000000000
1.000000000
0.807916916
0.994902811
0.645244656
1.000000000
1.000000000
0.999459139
1.000000000
0.698928128
1.000000000
1.000000000
1.000000000
0.624180203
1.000000000
1.000000000
1.000000000
0.972170804
1.000000000
0.982185816
0.733145600
0.421188633
1.000000000
0.563947836
0.445702067
0.055762328
0.212318920
1.000000000
1.000000000
1.000000000
1.000000000
0.277731501
0.997092415
0.351135351
1.000000000
1.000000000
1.000000000
1.000000000
1.000000000
0.987798077
1.000000000
0.015470676
1.000000000
1.000000000
0.409108381
0.000231193
1.000000000
1.000000000
0.374213920
0.051160927
1.000000000
0.997399755
0.999279859
1.000000000
1.000000000
1.000000000
1.000000000
0.000000000
0.507807332
1.000000000
1.000000000
0.992740449
0.103703713
0.611109919
1.000000000
0.354198679
0.753949425
1.000000000
1.000000000
0.041981633
1.000000000
1.000000000
0.491933350
0.748924789
0.212318920
0.952786651
0.045963020
1.000000000
1.000000000
0.714669126
0.999885511
0.849349878
1.000000000
1.000000000
1.000000000
0.434395266
0.586634619
1.000000000
0.337957789
1.000000000
1.000000000
0.151752193
1.000000000
1.000000000
0.598683854
0.053241341
1.000000000
0.141921258
1.000000000
0.996693412
0.000007871
0.977045061
1.000000000
1.000000000
0.144081291
0.999802303
1.000000000
1.000000000
1.000000000
1.000000000
1.000000000
1.000000000
1.000000000
0.602278185
1.000000000
0.235751624
1.000000000
0.006547441
1.000000000
0.747599195
1.000000000
0.003049254
1.000000000
0.116048489
1.000000000
1.000000000
1.000000000
0.855011091
0.269800744
0.503780742
1.000000000
0.056208523
0.916369846
0.626886811
0.007562658
0.145418356
1.000000000
0.028118115
0.005615104
0.202994582
1.000000000
0.049019439
0.949909743
0.139969176
0.866946011
1.000000000
0.948719045
1.000000000
1.000000000
0.000454657
0.999586317
0.161683472
1.000000000
1.000000000
1.000000000
1.000000000
0.016394684
0.007135422
1.000000000
1.000000000
1.000000000
0.999585871
1.000000000
0.283127292
1.000000000
1.000000000
1.000000000
0.071444139
0.996143362
0.740496695
0.917829225
1.000000000
0.026411929
0.263862331
0.811919872
0.615743468
0.430457288
1.000000000
0.624936286
0.997219002
0.934141979
0.398109352
1.000000000
0.997911695
0.929124202
1.000000000
0.078671949
1.000000000
0.638434767
0.696396608
0.505468735
1.000000000
0.969847426
0.000370691
1.000000000
0.090713173
1.000000000
1.000000000
0.024378776
1.000000000
0.010209928
1.000000000
0.999974116
1.000000000
1.000000000
0.892751488
1.000000000
1.000000000
0.982009961
0.848367947
0.990203040
1.000000000
0.003048821
1.000000000
0.933663085
1.000000000
1.000000000
1.000000000
0.161289218
0.999998234
0.881183178
1.000000000
0.694493373
1.000000000
0.667460493
0.108158063
0.001517889
1.000000000
1.000000000
0.699764202
1.000000000
1.000000000
0.659722222
0.269591942
0.519452109
1.000000000
0.293181015
0.637473332
0.598030117
1.000000000
0.598563120
0.187499610
1.000000000
1.000000000
0.493673267
1.000000000
1.000000000
0.945301906
1.000000000
1.000000000
0.908248553
0.671645660
1.000000000
1.000000000
0.092841231
0.997528102
1.000000000
0.048693430
0.900349396
1.000000000
1.000000000
1.000000000
1.000000000
1.000000000
1.000000000
1.000000000
0.099798919
1.000000000
1.000000000
0.166213231
1.000000000
1.000000000
1.000000000
0.233676889
1.000000000
0.034279306
0.000142311
0.033907120
1.000000000
1.000000000
0.001877200
0.644896920
0.502942977
0.910950016
0.961375806
1.000000000
1.000000000
1.000000000
0.508014846
0.522789042
1.000000000
1.000000000
0.780718136
0.028431004
1.000000000
1.000000000
0.245676252
1.000000000
0.084295189
1.000000000
1.000000000
1.000000000
0.332979110
0.847656538
0.014657131
1.000000000
1.000000000
1.000000000
0.512361361
0.955311822
1.000000000
0.000157390
1.000000000
1.000000000
1.000000000
1.000000000
1.000000000
1.000000000
1.000000000
1.000000000
0.582785087
0.408780654
1.000000000
0.413515093
0.579777188
0.479605675
0.917831630
0.722972953
1.000000000
1.000000000
1.000000000
0.030146205
0.669122127
0.002264578
0.187873788
1.000000000
1.000000000
1.000000000
0.255311531
1.000000000
0.001352799
0.998173779
0.041014998
1.000000000
1.000000000
1.000000000
1.000000000
1.000000000
0.664627574
0.503100595
1.000000000
1.000000000
1.000000000
0.484439532
1.000000000
1.000000000
0.997125803
0.413123885
0.021044173
0.124146738
0.007164519
0.872246723
1.000000000
0.781925006
1.000000000
1.000000000
0.949364463
1.000000000
0.947672765
0.083883825
1.000000000
0.223250210
0.362044769
0.999538080
1.000000000
0.825365146
1.000000000
1.000000000
1.000000000
0.932592018
0.001081938
0.007314499
0.262723177
1.000000000
0.017385860
0.025409089
1.000000000
0.082111853
0.999920997
0.929673527
1.000000000
0.756607375
0.993947427
1.000000000
1.000000000
1.000000000
1.000000000
0.992165323
1.000000000
0.933665947
0.052674155
0.033576449
1.000000000
1.000000000
0.716912903
1.000000000
1.000000000
1.000000000
0.985089018
0.034298740
0.086013490
0.858323651
1.000000000
1.000000000
1.000000000
0.002327715
0.000045349
0.225568298
0.000799147
1.000000000
0.642221868
1.000000000
1.000000000
0.188607584
0.000062992
1.000000000
1.000000000
1.000000000
0.002066365
1.000000000
1.000000000
0.971468381
0.068081098
1.000000000
0.007126835
0.462901355
0.962990159
0.652233883
1.000000000
0.093762257
0.007111346
0.026762864
1.000000000
0.012691065
1.000000000
1.000000000
0.868777513
1.000000000
1.000000000
0.533714879
0.004250609
1.000000000
1.000000000
0.636760353
1.000000000
1.000000000
0.979667280
0.000073819
0.362735285
1.000000000
1.000000000
0.570833448
0.024926564
0.002391742
1.000000000
0.631270665
1.000000000
1.000000000
1.000000000
1.000000000
1.000000000
0.458559357
1.000000000
0.569390155
0.999962271
0.840998215
0.993890431
0.201857751
0.689429197
1.000000000
0.969963081
1.000000000
0.994183625
0.995685006
0.913177206
0.492723971
0.255561408
0.895505132
0.636298558
1.000000000
0.000000000
0.994528326
1.000000000
0.818786996
0.564817957
0.855765603
1.000000000
0.570672401
1.000000000
1.000000000
0.049894819
0.033058141
0.032757746
0.092313396
0.870866928
1.000000000
0.003482228
0.000521529
1.000000000
0.666453162
1.000000000
0.653521510
0.164584789
0.004403797
0.653481036
1.000000000
0.001415427
1.000000000
0.315437302
1.000000000
1.000000000
1.000000000
0.997604747
1.000000000
0.822067676
0.629597414
1.000000000
1.000000000
1.000000000
0.008011956
1.000000000
0.949216218
0.762008712
1.000000000
1.000000000
0.605906518
0.082544724
1.000000000
1.000000000
1.000000000
1.000000000
0.938170127
0.773431651
1.000000000
1.000000000
1.000000000
0.408883833
0.076258224
1.000000000
1.000000000
0.945212389
1.000000000
1.000000000
0.192518652
0.051860185
0.971223540
0.000066631
0.700969854
1.000000000
0.430854089
0.277069124
1.000000000
1.000000000
1.000000000
0.999998956
0.950331140
1.000000000
1.000000000
0.748127348
0.551073622
0.017555363
1.000000000
1.000000000
0.011439433
0.997854130
1.000000000
1.000000000
1.000000000
1.000000000
0.983671402
1.000000000
0.842791181
1.000000000
0.031209719
1.000000000
0.992604119
0.999133407
0.001217888
1.000000000
1.000000000
0.999205692
1.000000000
0.500000000
1.000000000
1.000000000
0.179694593
0.862095892
0.046502253
0.999581591
1.000000000
0.531981959
1.000000000
1.000000000
0.993250617
0.001047345
1.000000000
0.010749252
0.913622686
1.000000000
0.007126666
1.000000000
0.190405720
1.000000000
0.166377887
1.000000000
0.023620921
1.000000000
1.000000000
0.227902898
0.000087343
1.000000000
0.745976631
1.000000000
0.244698728
1.000000000
0.492758256
0.642563666
0.000500582
1.000000000
1.000000000
1.000000000
0.927871752
0.475940535
1.000000000
0.074712116
1.000000000
1.000000000
1.000000000
1.000000000
0.005482252
1.000000000
0.880603991
1.000000000
1.000000000
0.547814506
0.005213572
0.879950358
0.055117897
0.999448610
0.996442428
1.000000000
1.000000000
0.340131348
1.000000000
1.000000000
0.999316130
0.999953286
0.527425353
0.958699496
1.000000000
0.030786601
0.669903058
0.954241376
1.000000000
1.000000000
1.000000000
1.000000000
1.000000000
0.000954772
1.000000000
0.674044047
1.000000000
0.912157821
0.308474752
0.015509214
1.000000000
1.000000000
0.000016043
1.000000000
0.982794915
1.000000000
0.945410545
0.015843764
1.000000000
0.856350110
0.004231705
1.000000000
1.000000000
1.000000000
0.999795733
0.525231845
1.000000000
1.000000000
1.000000000
1.000000000
1.000000000
1.000000000
1.000000000
0.780656472
0.220553981
0.485543799
0.004827321
1.000000000
1.000000000
0.558045532
0.495125858
1.000000000
0.000043515
1.000000000
0.986328030
0.000000000
0.999731376
0.999599897
0.999956934
0.302724320
0.018420751
0.880331363
1.000000000
1.000000000
1.000000000
1.000000000
0.002466183
1.000000000
1.000000000
1.000000000
1.000000000
0.704094391
0.985166532
0.063474478
0.933425930
0.038711855
0.971894124
1.000000000
1.000000000
0.063041615
1.000000000
0.484407196
1.000000000
0.535138249
1.000000000
1.000000000
0.718642006
1.000000000
1.000000000
0.666627218
1.000000000
0.999966011
1.000000000
1.000000000
1.000000000
1.000000000
0.652710740
1.000000000
0.496388140
0.067748568
0.790325075
1.000000000
1.000000000
0.647135277
1.000000000
0.999505418
1.000000000
0.996966461
0.915144060
1.000000000
0.541856445
0.011361813
1.000000000
1.000000000
1.000000000
1.000000000
1.000000000
0.999020054
1.000000000
0.999922360
0.999756272
0.330291631
1.000000000
0.212419389
0.198948659
1.000000000
1.000000000
1.000000000
0.466680203
1.000000000
1.000000000
1.000000000
1.000000000
1.000000000
1.000000000
0.567219819
0.000078763
0.032222362
1.000000000
1.000000000
0.958524036
1.000000000
1.000000000
1.000000000
1.000000000
1.000000000
1.000000000
1.000000000
1.000000000
0.716933622
0.002162268
1.000000000
0.074944828
0.006919345
0.611072982
1.000000000
1.000000000
1.000000000
0.840643017
1.000000000
1.000000000
1.000000000
0.066651392
1.000000000
0.721108032
0.996983722
1.000000000
1.000000000
1.000000000
1.000000000
0.302285462
0.740127143
0.482559392
1.000000000
0.698226383
1.000000000
1.000000000
0.928334759
1.000000000
1.000000000
1.000000000
0.375700644
0.982565596
0.661099300
1.000000000
1.000000000
1.000000000
1.000000000
0.997697239
1.000000000
1.000000000
0.131310967
1.000000000
0.374814815
1.000000000
1.000000000
0.462381875
1.000000000
1.000000000
1.000000000
1.000000000
0.536445650
0.519198251
1.000000000
1.000000000
1.000000000
0.953122772
0.095702068
1.000000000
0.000008707
1.000000000
0.997135684
0.571374061
0.665259268
1.000000000
1.000000000
0.964819656
0.044081700
1.000000000
1.000000000
0.739791085
0.999857706
1.000000000
1.000000000
1.000000000
0.606899316
1.000000000
1.000000000
1.000000000
0.000127105
0.069112390
0.008804990
1.000000000
0.574613880
0.001445544
0.988959563
1.000000000
1.000000000
1.000000000
0.869263743
1.000000000
0.999099456
1.000000000
1.000000000
0.080888250
1.000000000
0.999512877
1.000000000
0.669838684
0.998775534
1.000000000
0.066098172
1.000000000
0.692079078
0.000021400
1.000000000
0.556291419
0.322764559
1.000000000
1.000000000
0.177725347
1.000000000
0.169228825
1.000000000
1.000000000
0.986061851
0.496967472
1.000000000
0.159249094
1.000000000
1.000000000
1.000000000
1.000000000
1.000000000
0.623322156
0.317792076
0.000126942
0.999999819
0.999095833
1.000000000
1.000000000
1.000000000
0.941406815
0.078946460
0.891111133
1.000000000
1.000000000
0.000640799
1.000000000
1.000000000
0.780181788
0.843358627
0.863585303
0.332210678
0.386481414
1.000000000
1.000000000
0.200069648
1.000000000
0.998243905
0.408500872
0.996367360
1.000000000
1.000000000
1.000000000
1.000000000
0.999705794
1.000000000
1.000000000
1.000000000
1.000000000
1.000000000
1.000000000
0.567525146
0.956095236
1.000000000
0.289284754
1.000000000
0.534050538
1.000000000
1.000000000
0.682417291
1.000000000
0.999010365
1.000000000
0.909343683
1.000000000
0.432200905
0.695609150
1.000000000
0.999727731
0.992912642
0.694707061
0.985274062
1.000000000
0.151697331
1.000000000
1.000000000
1.000000000
0.611906962
1.000000000
1.000000000
1.000000000
0.416959194
0.096055660
0.142778299
1.000000000
0.001053005
1.000000000
1.000000000
0.146597874
0.468439010
0.256759015
1.000000000
1.000000000
0.698097835
0.999984519
0.050220665
0.999665427
0.593287316
1.000000000
1.000000000
0.957290275
0.944985856
0.001067294
0.805916013
0.436733489
1.000000000
1.000000000
0.351052403
0.014231959
0.847944360
0.144666263
1.000000000
1.000000000
0.044246336
0.040823483
1.000000000
1.000000000
0.637934252
0.023285748
1.000000000
1.000000000
0.710279139
1.000000000
0.225970995
0.860355813
0.979082370
0.210829749
0.739509504
1.000000000
0.140927310
1.000000000
1.000000000
0.997499676
1.000000000
0.470428905
1.000000000
0.776941279
0.036009242
0.308163100
0.153897784
0.932734759
0.737656816
1.000000000
1.000000000
0.001446711
0.999952342
0.999475816
1.000000000
1.000000000
0.999570625
0.122533183
1.000000000
0.999560502
0.730651931
1.000000000
1.000000000
0.664755123
0.000749636
1.000000000
0.843020210
0.849133402
1.000000000
0.396840298
0.447531072
0.759009168
1.000000000
1.000000000
0.134001838
0.853454797
0.046484094
0.915794628
0.215227804
0.003185357
1.000000000
0.988677885
0.022754483
1.000000000
1.000000000
1.000000000
0.000003539
0.424443023
0.597208749
1.000000000
0.613693283
0.896486853
1.000000000
0.604211314
0.908588712
1.000000000
1.000000000
1.000000000
1.000000000
1.000000000
0.096969184
1.000000000
0.047986621
0.595762199
0.194232744
1.000000000
1.000000000
1.000000000
0.930824373
0.982190348
1.000000000
0.060919683
1.000000000
0.999999664
1.000000000
1.000000000
0.654232327
1.000000000
0.150878228
0.001993683
0.133821717
0.243339045
1.000000000
1.000000000
0.112232373
0.878086941
1.000000000
0.331875456
0.997220281
1.000000000
0.002633142
1.000000000
1.000000000
1.000000000
0.714799440
0.942726275
1.000000000
1.000000000
0.862398429
0.727540824
1.000000000
0.862141639
1.000000000
0.544582015
1.000000000
1.000000000
0.070030587
1.000000000
0.967914455
0.051099232
1.000000000
1.000000000
1.000000000
1.000000000
0.479739004
0.035371917
1.000000000
1.000000000
0.243468395
1.000000000
0.857780223
1.000000000
1.000000000
1.000000000
1.000000000
0.224827349
0.862448691
1.000000000
1.000000000
0.562969971
1.000000000
1.000000000
0.475741149
1.000000000
0.007170046
1.000000000
1.000000000
1.000000000
0.905240680
0.000134486
1.000000000
1.000000000
0.926403914
1.000000000
1.000000000
1.000000000
0.999279065
1.000000000
0.079029695
1.000000000
0.999954600
0.000302062
1.000000000
0.639335085
0.009626205
1.000000000
1.000000000
1.000000000
1.000000000
1.000000000
1.000000000
0.821939153
1.000000000
0.128994163
1.000000000
0.744470142
0.361802880
0.920935627
1.000000000
1.000000000
0.149248255
0.975723480
1.000000000
0.200519823
1.000000000
1.000000000
1.000000000
1.000000000
1.000000000
1.000000000
0.652264670
1.000000000
1.000000000
1.000000000
0.286989838
0.978119734
1.000000000
1.000000000
1.000000000
0.157436124
0.983620590
0.947726582
0.999949459
0.569478555
0.336493674
0.740206641
0.788661784
0.218029882
0.082487500
0.928297655
1.000000000
0.982916563
1.000000000
1.000000000
1.000000000
0.028303778
0.999813301
1.000000000
1.000000000
0.000251820
1.000000000
1.000000000
1.000000000
0.000796596
1.000000000
1.000000000
0.016507616
1.000000000
0.002816096
0.994378711
0.001242369
1.000000000
1.000000000
0.986414424
1.000000000
0.527574571
1.000000000
0.835678657
0.794480458
1.000000000
1.000000000
1.000000000
1.000000000
1.000000000
1.000000000
0.070891660
0.384999552
1.000000000
1.000000000
0.052939320
0.000038637
0.041731805
0.281318904
0.271201435
0.999765607
0.032085905
0.996882229
0.647412528
1.000000000
1.000000000
1.000000000
0.942197673
0.998943048
0.945467624
0.017868685
1.000000000
0.927953560
1.000000000
1.000000000
1.000000000
0.331312342
0.262760428
1.000000000
0.770379608
1.000000000
1.000000000
1.000000000
0.000000000
0.940638685
0.997394319
0.956558099
1.000000000
1.000000000
0.963295968
0.220747171
0.953011499
1.000000000
1.000000000
1.000000000
0.490381922
0.027911221
1.000000000
0.997950151
0.000983254
0.895093209
1.000000000
1.000000000
0.863570637
1.000000000
1.000000000
0.992203590
1.000000000
1.000000000
0.998662865
1.000000000
1.000000000
0.748904982
0.230836463
1.000000000
0.475528181
1.000000000
0.974404533
1.000000000
0.995715516
0.108721600
0.005735405
0.266266118
1.000000000
1.000000000
1.000000000
1.000000000
1.000000000
0.247474603
0.876345696
0.927228573
0.785296610
1.000000000
0.042957427
0.998405779
1.000000000
0.000046961
0.991757256
1.000000000
1.000000000
1.000000000
0.988864954
0.773970645
0.997410166
1.000000000
1.000000000
1.000000000
1.000000000
1.000000000
1.000000000
0.999634994
1.000000000
0.666690492
0.996912422
0.000178172
0.540324139
1.000000000
0.001054335
0.598128225
0.997378232
0.803882545
1.000000000
1.000000000
0.640705572
0.021985068
1.000000000
0.485726293
0.023323780
0.266885194
1.000000000
1.000000000
1.000000000
1.000000000
1.000000000
1.000000000
1.000000000
0.999234741
0.184855810
1.000000000
0.058802357
0.336777927
1.000000000
1.000000000
1.000000000
1.000000000
1.000000000
1.000000000
0.914915862
1.000000000
1.000000000
1.000000000
0.394515133
0.963134382
1.000000000
0.996669302
0.227328837
1.000000000
0.600638602
0.854415464
0.498309114
0.304767219
1.000000000
0.531543283
0.618283433
1.000000000
0.637248897
0.583394909
0.233370970
0.009594454
0.213441597
1.000000000
1.000000000
1.000000000
0.587397830
0.911983754
0.991523757
0.508279864
0.006849190
1.000000000
0.213608434
0.268533306
0.641998150
1.000000000
0.923711450
1.000000000
1.000000000
1.000000000
0.898675634
1.000000000
0.516813315
0.001513518
0.954938757
0.000002374
0.980959002
1.000000000
0.995665346
0.084847687
1.000000000
1.000000000
0.000394400
1.000000000
0.998006317
0.258683910
1.000000000
0.979711500
1.000000000
1.000000000
1.000000000
1.000000000
1.000000000
1.000000000
1.000000000
0.736700381
1.000000000
0.068462490
1.000000000
0.224584731
1.000000000
1.000000000
0.874896512
0.838154932
1.000000000
1.000000000
1.000000000
0.181094463
1.000000000
0.413537059
0.817320031
0.536491889
0.037270144
1.000000000
0.985941434
0.993379915
0.064896432
0.027474462
0.911247010
1.000000000
0.466311114
0.999277180
0.959131149
0.497061976
0.988076012
1.000000000
0.800956129
1.000000000
0.986904929
0.500000000
0.014880167
0.388833058
1.000000000
1.000000000
1.000000000
1.000000000
0.055846530
0.229900404
0.125000000
1.000000000
0.036333551
0.667244475
0.997568532
0.023073955
0.982056103
0.035423139
0.418627461
0.959443686
1.000000000
0.999959449
0.795380748
0.701812917
0.781989021
0.025969539
0.789226863
1.000000000
1.000000000
1.000000000
1.000000000
1.000000000
1.000000000
0.694437694
1.000000000
0.851674396
0.991060891
1.000000000
0.974409973
0.001136358
0.316200318
0.994020136
1.000000000
1.000000000
1.000000000
0.993701325
1.000000000
1.000000000
1.000000000
0.865222871
1.000000000
0.489344732
1.000000000
1.000000000
0.000190179
0.995738647
1.000000000
1.000000000
1.000000000
1.000000000
0.062500000
1.000000000
0.219844021
0.806280779
1.000000000
0.990896423
0.628416447
1.000000000
0.080398192
0.029114400
0.994324437
0.017852295
0.067090712
0.000966832
1.000000000
0.945194495
0.033808732
1.000000000
0.937500000
0.029334153
0.071146136
1.000000000
1.000000000
0.293941538
1.000000000
0.999924915
0.873691554
0.247768694
0.196826004
1.000000000
0.999534809
1.000000000
0.702359562
0.856506291
1.000000000
1.000000000
0.434553225
0.253081631
1.000000000
0.080238235
1.000000000
0.917914476
1.000000000
0.976385440
0.783026175
0.251071122
1.000000000
0.066516073
1.000000000
0.992542322
1.000000000
1.000000000
0.597225634
0.951557123
1.000000000
1.000000000
0.842563608
0.908744838
1.000000000
1.000000000
1.000000000
1.000000000
1.000000000
1.000000000
0.927619122
0.998046875
0.480359740
0.821828045
1.000000000
0.962842845
1.000000000
1.000000000
0.677254130
1.000000000
1.000000000
1.000000000
0.157008681
1.000000000
1.000000000
0.872060346
0.979272624
0.613249010
0.856917078
0.009796142
0.043101817
0.015625000
1.000000000
0.090913021
1.000000000
0.027640074
0.911247010
1.000000000
0.438345961
0.937123861
1.000000000
1.000000000
1.000000000
0.047741799
1.000000000
1.000000000
1.000000000
1.000000000
1.000000000
0.959608999
0.977445476
0.743533684
1.000000000
0.260357685
0.000528442
1.000000000
1.000000000
0.511731997
0.881842512
1.000000000
1.000000000
1.000000000
1.000000000
1.000000000
0.394364438
1.000000000
0.650381041
1.000000000
0.000391620
1.000000000
1.000000000
0.999273310
0.081392047
0.312914983
1.000000000
1.000000000
1.000000000
1.000000000
0.997690862
1.000000000
1.000000000
0.000000000
0.209689531
1.000000000
0.207260084
1.000000000
0.986612276
0.998696540
0.921969380
1.000000000
0.740426348
1.000000000
1.000000000
0.533278542
0.440170187
0.783099249
0.420437291
1.000000000
1.000000000
0.029482137
0.014347513
0.168809724
0.164288653
0.971138229
0.602044866
0.030363775
0.838368399
0.132862552
1.000000000
0.917547571
1.000000000
0.368963346
1.000000000
0.995741983
0.458310744
0.000036689
1.000000000
1.000000000
0.988075493
1.000000000
1.000000000
1.000000000
0.912636623
0.114040085
0.049729783
0.385451739
1.000000000
0.997170569
0.113304887
0.979740382
0.914113396
0.067366123
0.914561195
1.000000000
0.429861598
0.255030121
0.996240927
1.000000000
0.565334794
1.000000000
1.000000000
1.000000000
0.226825929
1.000000000
0.129378696
1.000000000
1.000000000
1.000000000
1.000000000
0.728179889
0.444406896
1.000000000
1.000000000
1.000000000
1.000000000
1.000000000
0.031394071
0.999927757
0.269824005
1.000000000
1.000000000
0.736556136
1.000000000
1.000000000
0.968139006
0.627493502
1.000000000
1.000000000
1.000000000
1.000000000
0.021807253
1.000000000
1.000000000
1.000000000
1.000000000
0.294500817
0.558028044
1.000000000
0.967168328
0.506496626
1.000000000
0.848406350
1.000000000
0.260583819
1.000000000
0.996807911
1.000000000
1.000000000
0.964209703
0.765245563
0.364938918
1.000000000
0.666920893
1.000000000
0.535281942
0.998110294
0.774477648
1.000000000
0.560027789
1.000000000
0.969584709
0.392156314
1.000000000
0.609096166
1.000000000
0.343799514
0.063469479
1.000000000
0.546594257
0.219243273
0.995961308
1.000000000
1.000000000
1.000000000
1.000000000
1.000000000
0.600439135
0.723730047
1.000000000
0.007081348
0.994108099
0.529428207
0.999934812
0.645311943
0.964414203
1.000000000
0.005920812
0.245941804
0.003350686
1.000000000
1.000000000
0.208406267
1.000000000
1.000000000
0.949106822
0.641972930
0.321049371
1.000000000
0.356974586
0.647682333
1.000000000
1.000000000
1.000000000
0.000309781
0.251090732
0.289688603
0.117368774
0.952724477
1.000000000
0.783211374
1.000000000
1.000000000
0.001608539
0.046995819
0.115446621
1.000000000
1.000000000
1.000000000
1.000000000
0.013924940
0.186185841
0.986089652
0.049751210
1.000000000
0.928690958
0.105259049
0.985924403
0.104669288
0.427546679
1.000000000
1.000000000
0.035533555
1.000000000
0.998780585
1.000000000
0.565324720
0.931636305
1.000000000
0.974258846
0.011814554
1.000000000
0.810111699
1.000000000
1.000000000
0.040189411
0.004052287
0.329441577
0.917522649
1.000000000
1.000000000
0.040284058
1.000000000
1.000000000
0.446137914
0.748065461
1.000000000
0.999934591
1.000000000
0.814375073
0.057393669
1.000000000
1.000000000
1.000000000
0.130918210
0.017083437
0.615607798
1.000000000
0.279016879
0.048680866
0.821066699
1.000000000
0.000000000
0.037776859
1.000000000
1.000000000
0.634212747
0.130241709
1.000000000
0.967238888
1.000000000
0.585177030
1.000000000
0.089724157
0.048346234
1.000000000
0.006407106
0.010961893
0.639774424
0.853569263
1.000000000
1.000000000
0.357134079
1.000000000
1.000000000
0.158544040
1.000000000
1.000000000
0.982163306
1.000000000
0.394537237
0.004834576
0.707685815
1.000000000
1.000000000
0.932532418
1.000000000
0.725644618
0.114050934
0.529590091
1.000000000
0.342189570
1.000000000
1.000000000
1.000000000
0.306095520
0.979634157
0.999330020
1.000000000
1.000000000
1.000000000
0.015586356
0.133515890
0.068193355
1.000000000
1.000000000
0.382115822
1.000000000
0.897807532
1.000000000
0.000024331
1.000000000
1.000000000
1.000000000
0.229679112
0.064399093
1.000000000
1.000000000
1.000000000
1.000000000
0.492918182
0.035687542
1.000000000
1.000000000
0.038482703
1.000000000
1.000000000
1.000000000
1.000000000
0.963298555
1.000000000
1.000000000
0.990013934
0.005458060
0.480785644
0.000000973
1.000000000
1.000000000
1.000000000
1.000000000
1.000000000
1.000000000
1.000000000
0.119908446
0.075813712
0.999924811
0.076241613
1.000000000
0.686057310
0.076208846
0.919992927
1.000000000
0.104735560
0.000097497
1.000000000
1.000000000
1.000000000
1.000000000
0.501038625
0.876282924
1.000000000
1.000000000
0.011758994
1.000000000
1.000000000
1.000000000
0.516871076
1.000000000
0.065250218
0.828639921
1.000000000
0.838668023
1.000000000
1.000000000
0.261915875
1.000000000
1.000000000
0.194194804
1.000000000
1.000000000
1.000000000
1.000000000
1.000000000
0.845434208
0.735918307
0.168761174
1.000000000
1.000000000
0.933082654
0.957235066
0.630932933
0.620505335
0.514970178
1.000000000
1.000000000
1.000000000
1.000000000
0.686028502
1.000000000
1.000000000
0.999103241
1.000000000
1.000000000
1.000000000
0.066712865
1.000000000
0.424176612
1.000000000
0.186404691
1.000000000
1.000000000
1.000000000
