1.000000000
0.520664067
1.000000000
0.078080683
0.270825834
1.000000000
0.074434383
1.000000000
0.989460820
1.000000000
0.719560560
1.000000000
0.000210776
0.344435296
0.925717930
1.000000000
0.008776976
0.523545918
1.000000000
0.998358590
0.639338837
1.000000000
1.000000000
1.000000000
0.966881307
1.000000000
1.000000000
0.929463913
0.226485013
1.000000000
0.491311308
0.949261300
0.048308542
1.000000000
0.162289205
0.715208507
0.005312881
0.251609922
1.000000000
1.000000000
0.326452216
1.000000000
1.000000000
1.000000000
0.735585980
1.000000000
0.000900519
1.000000000
1.000000000
0.960207435
0.009102106
0.083065867
1.000000000
0.171999792
0.808644867
1.000000000
0.838196636
0.994594094
0.999882694
0.834559486
1.000000000
0.998842741
0.049386771
0.413450046
0.999982173
0.810028051
0.017014689
1.000000000
0.999006658
1.000000000
0.434732943
1.000000000
0.501692708
1.000000000
0.177858811
1.000000000
0.225050500
0.845836734
0.036946555
1.000000000
1.000000000
0.084453955
1.000000000
1.000000000
0.955205796
0.463517455
1.000000000
0.722582978
1.000000000
0.037712517
0.246790110
1.000000000
0.005807751
0.001494892
0.115110748
0.516737674
0.000339004
0.937877002
0.467622777
0.992990145
0.000587008
0.000464259
0.112257534
1.000000000
0.866487104
1.000000000
1.000000000
0.635137865
1.000000000
1.000000000
0.563813995
0.744274954
0.999858400
1.000000000
1.000000000
0.846661852
1.000000000
0.003538887
0.954153137
1.000000000
0.999773720
0.539117860
0.894573522
0.011147680
1.000000000
0.963343341
1.000000000
0.394043209
0.247007887
0.284063544
0.972037384
0.367467754
0.915014497
0.219284160
1.000000000
0.628107306
1.000000000
0.143747451
0.236997477
0.841992197
1.000000000
0.999717487
0.875288187
0.993953771
1.000000000
1.000000000
1.000000000
0.998276305
0.981606847
0.999374455
0.701138403
0.372600575
0.770900060
0.006612814
0.948045178
1.000000000
0.779672252
0.991745343
0.013574581
1.000000000
0.683799629
1.000000000
0.870172439
1.000000000
1.000000000
1.000000000
1.000000000
1.000000000
0.598718132
1.000000000
1.000000000
0.691759475
0.973710224
0.883131947
0.997785304
1.000000000
0.354480278
0.404843457
0.009732028
1.000000000
1.000000000
0.193886145
0.981940350
1.000000000
1.000000000
0.126388079
1.000000000
0.371887564
0.148120410
0.411220876
0.842072030
1.000000000
0.272171357
1.000000000
1.000000000
1.000000000
0.402443800
1.000000000
1.000000000
1.000000000
1.000000000
0.650747357
1.000000000
1.000000000
0.983144345
0.671140483
0.401078995
1.000000000
1.000000000
0.977159550
0.024871147
1.000000000
1.000000000
1.000000000
1.000000000
1.000000000
0.931430204
0.994007515
1.000000000
1.000000000
0.743427448
0.999950326
1.000000000
1.000000000
0.996645062
0.055750841
0.990688445
0.107758603
1.000000000
0.592710046
0.954846609
0.000091601
0.661147426
0.788111854
0.006985216
1.000000000
1.000000000
0.745263184
0.142147385
0.118489145
1.000000000
0.146296305
0.544729739
0.011700019
0.698577224
0.343872455
0.573080729
1.000000000
1.000000000
0.976385761
1.000000000
1.000000000
1.000000000
1.000000000
0.383771718
0.000000000
0.041979722
1.000000000
0.000261123
0.306128503
0.010603856
0.648814748
1.000000000
0.138683272
0.739219285
1.000000000
1.000000000
0.642199154
1.000000000
0.871711958
1.000000000
0.894418192
0.006817123
0.423256776
0.538110788
0.831417598
0.798865849
0.308942258
0.678122617
0.017345665
1.000000000
1.000000000
0.004723794
1.000000000
0.007562658
1.000000000
0.978703010
0.868439467
1.000000000
1.000000000
0.018523693
0.800282615
0.119031532
0.855728134
1.000000000
0.776071895
1.000000000
0.706309246
0.830351308
1.000000000
1.000000000
0.529300810
1.000000000
1.000000000
1.000000000
0.316889075
0.424284374
0.253100743
1.000000000
1.000000000
1.000000000
0.149536081
1.000000000
0.749117296
1.000000000
0.744772276
0.986172447
0.217764333
0.146835940
0.326090631
0.061152543
1.000000000
0.630580106
0.066845023
0.996878743
0.947710087
1.000000000
1.000000000
1.000000000
0.931248804
0.962631131
0.777868546
1.000000000
1.000000000
1.000000000
0.909990415
1.000000000
1.000000000
1.000000000
0.856884791
0.810114980
0.001294276
1.000000000
1.000000000
0.153289526
1.000000000
1.000000000
1.000000000
1.000000000
0.229661374
1.000000000
1.000000000
1.000000000
0.004053195
0.629410569
1.000000000
1.000000000
0.282903668
1.000000000
1.000000000
1.000000000
0.345697596
1.000000000
0.981893941
0.006516972
0.978132743
0.902022950
0.004636377
1.000000000
0.956087457
1.000000000
1.000000000
1.000000000
0.641175267
0.999376367
0.850188667
1.000000000
0.540269832
0.619493334
1.000000000
0.011267319
1.000000000
0.999922665
1.000000000
1.000000000
0.070035911
0.736537211
0.010766464
1.000000000
0.795273849
0.112688867
1.000000000
1.000000000
0.112234102
0.052626817
0.384353531
1.000000000
0.125725576
0.274188513
1.000000000
0.784313506
1.000000000
0.002125219
1.000000000
1.000000000
0.483128201
0.000005699
0.029334153
1.000000000
0.415475633
0.378607564
0.843964445
0.978850259
0.072749075
1.000000000
0.004095054
1.000000000
0.653184676
1.000000000
0.137544873
1.000000000
1.000000000
1.000000000
1.000000000
0.072814145
0.002915452
1.000000000
0.900250146
0.985133517
0.999261384
0.957961768
1.000000000
0.572073037
0.917649344
0.898170107
1.000000000
0.700068997
0.000153016
0.963748932
0.047461798
0.956422774
0.639335085
0.980290241
0.841501350
1.000000000
0.889365954
0.999944971
1.000000000
1.000000000
1.000000000
0.000832869
0.040011671
1.000000000
0.602602256
0.000598611
0.612466289
1.000000000
1.000000000
0.962546587
0.060532814
1.000000000
1.000000000
0.012505941
1.000000000
1.000000000
0.932794945
1.000000000
1.000000000
1.000000000
0.003144225
0.535231937
0.999816665
0.180769353
0.993894599
1.000000000
1.000000000
1.000000000
0.002781009
0.978290505
0.214700229
1.000000000
0.198158277
0.067687561
0.006374803
0.565187570
1.000000000
0.995195658
0.162924751
0.859002915
1.000000000
0.390738921
1.000000000
1.000000000
0.000593949
1.000000000
0.009438350
1.000000000
0.673874457
1.000000000
1.000000000
1.000000000
1.000000000
0.996208548
0.021905316
0.910507035
0.417449895
1.000000000
0.305194106
1.000000000
0.924116979
0.234606087
1.000000000
0.571529057
1.000000000
1.000000000
1.000000000
1.000000000
0.764759793
0.250895729
0.962927743
0.003313327
1.000000000
1.000000000
0.144697628
0.730547902
1.000000000
1.000000000
0.427734439
0.655500177
1.000000000
1.000000000
0.597902445
0.967796782
1.000000000
0.997943767
1.000000000
0.178127503
1.000000000
0.685033297
0.069241492
0.566334870
0.975651055
0.997127788
0.013136667
0.000273503
0.663326730
1.000000000
1.000000000
0.995345659
0.290336629
1.000000000
0.824134824
0.840327669
1.000000000
1.000000000
1.000000000
0.309011941
1.000000000
1.000000000
0.957607775
1.000000000
1.000000000
0.000094788
0.000477487
0.022254895
0.942114265
0.907073526
0.045760621
0.963608417
0.987790400
1.000000000
1.000000000
0.430039767
1.000000000
0.132159457
1.000000000
1.000000000
1.000000000
1.000000000
0.019753145
1.000000000
0.268187151
1.000000000
0.157982655
0.020930791
0.797146471
1.000000000
0.988487758
1.000000000
0.667411562
1.000000000
1.000000000
0.153444659
0.964045390
1.000000000
0.844942884
0.027739866
1.000000000
1.000000000
0.005622534
0.001404331
0.084477063
1.000000000
1.000000000
1.000000000
0.003552537
1.000000000
1.000000000
0.191384914
0.396126001
0.380106910
0.910069578
0.998432938
0.999392362
1.000000000
0.998330101
1.000000000
1.000000000
1.000000000
0.089382592
0.205014782
1.000000000
0.516893958
0.149640636
1.000000000
0.271257057
0.476907029
0.026352612
1.000000000
0.024084888
1.000000000
1.000000000
0.452673766
0.964274748
1.000000000
1.000000000
0.967207958
1.000000000
1.000000000
0.002391496
1.000000000
1.000000000
1.000000000
1.000000000
1.000000000
1.000000000
0.282509559
0.996172593
1.000000000
1.000000000
1.000000000
1.000000000
0.095060563
0.367909670
0.020045652
0.709947949
0.247386285
0.731395916
0.992387236
0.999580666
1.000000000
0.054968345
0.424582275
1.000000000
0.945655449
1.000000000
0.990894119
0.748447051
0.628896391
1.000000000
1.000000000
0.000000000
1.000000000
1.000000000
1.000000000
1.000000000
1.000000000
1.000000000
1.000000000
1.000000000
1.000000000
1.000000000
0.374993518
1.000000000
0.999937207
0.994319748
0.239938180
1.000000000
1.000000000
0.001431344
1.000000000
1.000000000
1.000000000
1.000000000
1.000000000
0.998711542
1.000000000
1.000000000
1.000000000
0.925419848
1.000000000
0.985719989
0.955429567
1.000000000
1.000000000
0.047095085
1.000000000
0.498050142
0.956194973
1.000000000
1.000000000
1.000000000
1.000000000
0.447502726
0.797535279
1.000000000
1.000000000
1.000000000
0.038092174
0.132780866
1.000000000
1.000000000
1.000000000
1.000000000
1.000000000
1.000000000
0.227148639
1.000000000
1.000000000
1.000000000
0.873721058
1.000000000
1.000000000
0.034095002
1.000000000
1.000000000
0.004018362
1.000000000
0.605002226
1.000000000
1.000000000
1.000000000
0.701285997
1.000000000
0.229014978
1.000000000
1.000000000
1.000000000
1.000000000
0.568720944
1.000000000
1.000000000
0.010238379
0.067809048
0.991615342
0.999221451
0.377711418
0.957945956
0.529051027
1.000000000
1.000000000
0.000845386
0.130239331
0.929607093
0.265444981
0.044361087
1.000000000
1.000000000
0.794503521
0.376493286
1.000000000
0.862118086
1.000000000
0.839498155
1.000000000
0.935394935
0.983616988
1.000000000
0.406488075
0.918535934
0.986491795
1.000000000
0.607726403
1.000000000
0.832975531
1.000000000
1.000000000
1.000000000
0.752041363
0.008996914
0.921284861
1.000000000
0.448100254
1.000000000
0.999013046
1.000000000
0.000000000
0.517986948
1.000000000
0.120582957
1.000000000
0.960592706
1.000000000
0.108491042
1.000000000
1.000000000
0.687500000
1.000000000
0.042365613
0.269903249
0.990486982
0.208676200
1.000000000
0.691520117
1.000000000
0.948329474
0.043918290
1.000000000
0.963472617
1.000000000
0.778743107
0.001573025
0.880116473
0.299012771
0.061045559
0.813561161
1.000000000
0.950281094
1.000000000
1.000000000
0.939445411
1.000000000
0.964122165
1.000000000
1.000000000
0.895370001
0.010036942
0.188447034
1.000000000
0.192676254
0.345982570
1.000000000
1.000000000
0.064147665
0.651962573
0.000580922
0.350784702
0.897056607
1.000000000
0.999387966
0.617658952
1.000000000
0.166892164
0.183842581
0.233652201
1.000000000
0.999155128
0.741919625
1.000000000
0.169288765
1.000000000
1.000000000
0.960587105
0.000037707
1.000000000
0.966707828
1.000000000
0.428718341
0.927516927
0.976353111
0.002191292
1.000000000
0.002543016
0.122342413
0.282727605
1.000000000
0.089218715
1.000000000
1.000000000
1.000000000
1.000000000
1.000000000
1.000000000
0.678257303
0.400795494
0.959212176
1.000000000
0.674227511
0.999774945
1.000000000
0.874106347
0.729459353
1.000000000
1.000000000
0.026763684
1.000000000
0.026859663
0.506458933
1.000000000
0.055846087
1.000000000
0.147373890
0.962435196
1.000000000
1.000000000
1.000000000
0.076342063
0.965637554
0.017024498
0.452094821
1.000000000
0.162091645
0.011690018
0.232289554
0.403048659
1.000000000
1.000000000
0.037798307
1.000000000
0.964499185
0.365719820
0.023569021
0.725684779
1.000000000
1.000000000
1.000000000
0.000307815
1.000000000
0.355694434
0.044683671
0.774764033
1.000000000
0.473441697
1.000000000
1.000000000
1.000000000
1.000000000
1.000000000
0.043452110
0.382443249
1.000000000
1.000000000
1.000000000
0.924627465
1.000000000
0.049875394
0.141955705
0.006410831
0.875859154
1.000000000
0.027616747
1.000000000
1.000000000
1.000000000
0.093350134
1.000000000
1.000000000
0.858132862
0.209837842
1.000000000
0.165431372
0.209569322
0.065254527
0.072899143
0.204689526
0.000000000
1.000000000
0.520910530
0.989588141
0.730544552
1.000000000
0.935555977
1.000000000
1.000000000
1.000000000
1.000000000
0.019073194
0.929880054
1.000000000
0.628235438
1.000000000
0.056034190
0.732015482
1.000000000
1.000000000
1.000000000
0.121737095
0.506083405
0.059677468
0.693087634
0.622956496
1.000000000
1.000000000
0.004976001
0.020463716
0.846019276
1.000000000
1.000000000
0.929084804
0.970951358
1.000000000
1.000000000
1.000000000
1.000000000
1.000000000
1.000000000
0.566728665
0.001201271
1.000000000
1.000000000
0.908461820
1.000000000
0.131733050
1.000000000
0.665972956
0.109446750
0.325105873
0.875164245
1.000000000
1.000000000
1.000000000
0.951401982
0.020754794
0.132313627
0.966966399
0.002612172
0.999501397
0.994818684
0.567490538
1.000000000
0.999824864
1.000000000
0.012000976
1.000000000
0.090864139
1.000000000
1.000000000
0.141890713
0.998595669
0.937539232
1.000000000
0.287071178
0.200158628
0.022078961
0.005471674
1.000000000
1.000000000
1.000000000
1.000000000
1.000000000
1.000000000
0.856088596
1.000000000
0.368561015
1.000000000
0.789787482
1.000000000
0.030549422
0.002541200
1.000000000
0.016051148
1.000000000
0.985373077
1.000000000
1.000000000
0.837291632
1.000000000
0.405032519
1.000000000
0.979893282
0.537481528
1.000000000
1.000000000
1.000000000
0.125565371
1.000000000
1.000000000
0.011463744
1.000000000
1.000000000
1.000000000
1.000000000
1.000000000
1.000000000
0.555786122
0.729761509
1.000000000
0.673736209
0.929004988
1.000000000
0.032167254
0.100947950
0.063432729
0.768394470
0.976557918
0.839535332
0.789244078
1.000000000
0.925172719
0.926163451
1.000000000
0.855257795
0.869056111
0.035278068
0.002981933
1.000000000
0.000119683
0.798659038
1.000000000
1.000000000
1.000000000
1.000000000
1.000000000
0.989640032
0.616611460
0.000681309
0.983413733
1.000000000
0.948798291
1.000000000
0.589079070
0.937500000
0.337247805
0.559473812
0.654218564
0.913918783
0.999330134
0.919616210
0.382321524
1.000000000
0.186913513
0.638421373
1.000000000
1.000000000
1.000000000
1.000000000
0.558505860
0.257843113
1.000000000
0.419802434
0.079961040
1.000000000
0.141349856
0.001251810
0.993195041
0.012294322
0.503440381
0.346074398
0.998927045
1.000000000
0.933004843
0.000399624
0.731331918
0.947924354
0.720116703
0.001905007
0.810160845
0.958357762
1.000000000
1.000000000
1.000000000
1.000000000
0.443949770
0.724372010
0.697837673
0.402773157
0.783484022
1.000000000
0.152537326
0.026471320
1.000000000
1.000000000
0.006022358
1.000000000
1.000000000
1.000000000
1.000000000
0.742304505
1.000000000
1.000000000
1.000000000
0.519398622
1.000000000
0.838710782
1.000000000
1.000000000
1.000000000
1.000000000
1.000000000
0.802479046
1.000000000
1.000000000
1.000000000
0.577693415
1.000000000
0.874978001
0.993000083
0.100005402
1.000000000
1.000000000
0.038395750
1.000000000
0.792942769
0.999973909
1.000000000
0.531543283
1.000000000
0.299163938
0.003217814
1.000000000
1.000000000
1.000000000
0.827043960
0.025214969
1.000000000
0.979123491
1.000000000
0.777235851
1.000000000
0.947902282
1.000000000
1.000000000
1.000000000
0.009739408
0.641048070
0.671666667
1.000000000
0.590924714
0.849357887
1.000000000
1.000000000
0.612935845
1.000000000
1.000000000
0.991948646
0.062054377
1.000000000
0.005103759
0.807816767
0.753015658
0.762437278
1.000000000
1.000000000
0.751920644
0.917232051
1.000000000
0.455213934
0.998974619
0.114056567
1.000000000
0.537270313
0.896440681
0.423390691
1.000000000
1.000000000
0.805770692
1.000000000
1.000000000
0.293537328
0.102991675
0.994220576
1.000000000
0.999985633
1.000000000
1.000000000
1.000000000
0.202371813
0.030175812
0.000805252
0.001680839
0.550564546
1.000000000
0.017540185
0.297055074
1.000000000
1.000000000
1.000000000
0.000414129
0.999352671
0.039156163
1.000000000
1.000000000
1.000000000
1.000000000
1.000000000
1.000000000
0.760509330
1.000000000
0.508597055
1.000000000
0.186865292
1.000000000
0.670983678
0.935336496
0.681998875
1.000000000
1.000000000
1.000000000
1.000000000
0.138208109
1.000000000
0.047427630
0.223837541
0.712024819
0.988347770
0.999495602
0.149151398
1.000000000
1.000000000
0.935032735
1.000000000
0.910078619
1.000000000
0.059943766
0.997083688
1.000000000
1.000000000
1.000000000
0.005213572
0.003615430
1.000000000
1.000000000
0.778743107
0.141384086
0.001296945
1.000000000
1.000000000
0.872881944
1.000000000
1.000000000
1.000000000
0.357931419
0.859076928
1.000000000
1.000000000
1.000000000
0.105037869
0.500173663
1.000000000
0.970589746
0.459319413
0.998590075
1.000000000
1.000000000
1.000000000
0.358713706
1.000000000
0.998868585
1.000000000
0.942395816
0.716480092
1.000000000
0.476983479
0.120490499
0.000047430
1.000000000
1.000000000
0.280981822
1.000000000
0.781460533
0.253577660
0.028255219
1.000000000
1.000000000
1.000000000
1.000000000
0.983845812
1.000000000
0.999875299
1.000000000
1.000000000
0.951180682
0.327725812
1.000000000
0.237730212
0.005923601
0.899594375
1.000000000
0.918077901
0.008006829
0.545641433
0.246332966
0.859622649
1.000000000
0.030308060
1.000000000
0.139786431
0.999886882
1.000000000
0.039774138
0.983966089
0.529666185
0.812735633
1.000000000
1.000000000
0.978135421
1.000000000
0.853734824
0.907874724
0.999955707
1.000000000
1.000000000
1.000000000
0.935254516
1.000000000
0.999709032
0.006475785
0.936987783
1.000000000
1.000000000
0.032876133
0.035031652
1.000000000
1.000000000
1.000000000
0.362044769
1.000000000
0.986707202
0.367298463
0.756180668
1.000000000
0.062051167
0.900098744
0.538875269
1.000000000
0.035102577
0.504714892
0.938410620
0.053283343
1.000000000
0.061476865
0.984375000
0.393372611
1.000000000
1.000000000
1.000000000
0.746960191
1.000000000
1.000000000
0.304503619
0.007541307
0.975757251
1.000000000
1.000000000
0.000000284
0.037653287
0.337789042
1.000000000
1.000000000
0.358544571
0.998293470
0.037657663
0.000000000
0.286614657
0.847721331
1.000000000
1.000000000
0.813662754
0.562643997
1.000000000
1.000000000
0.630518527
0.877437165
1.000000000
0.625612171
0.846665581
0.990469332
1.000000000
1.000000000
1.000000000
1.000000000
0.997715259
1.000000000
1.000000000
1.000000000
1.000000000
0.229358760
0.567866780
0.854842503
1.000000000
0.028624324
1.000000000
0.566475762
1.000000000
1.000000000
0.001921526
0.999986969
1.000000000
1.000000000
1.000000000
0.595054352
0.015097133
0.017206999
0.363242365
0.884043648
0.750000000
0.678033709
1.000000000
0.001364202
1.000000000
0.120245463
0.489839561
1.000000000
1.000000000
1.000000000
1.000000000
1.000000000
1.000000000
0.344737874
1.000000000
1.000000000
1.000000000
1.000000000
0.230211690
1.000000000
0.112985171
0.537270313
1.000000000
1.000000000
0.910442396
1.000000000
1.000000000
0.541988835
0.240064473
0.429470069
0.633724678
1.000000000
0.017032154
1.000000000
0.986566568
1.000000000
0.208506765
0.998820141
1.000000000
0.937026326
0.979949496
1.000000000
0.996046344
1.000000000
0.016167938
1.000000000
1.000000000
1.000000000
1.000000000
1.000000000
1.000000000
1.000000000
0.428073316
0.926868725
1.000000000
0.287318277
0.000005471
0.053121623
1.000000000
0.998186361
0.185927764
1.000000000
0.999984251
1.000000000
1.000000000
1.000000000
1.000000000
0.992486284
1.000000000
0.000211926
0.018452273
0.993555476
0.000124691
0.258570670
0.996340194
0.588989982
1.000000000
0.121716818
0.696320622
0.993467968
1.000000000
0.522164018
0.081730525
0.238315697
0.493490998
1.000000000
1.000000000
0.305247785
1.000000000
0.852269733
0.000158236
0.617621183
0.305108669
0.349656083
1.000000000
0.035533555
0.381254022
1.000000000
0.621416970
0.229825026
1.000000000
0.231572793
1.000000000
1.000000000
0.781081746
1.000000000
1.000000000
1.000000000
0.124158151
0.498262820
0.435452649
0.898621047
1.000000000
0.918235795
0.009666373
1.000000000
0.535710946
0.048186921
1.000000000
0.016110579
1.000000000
0.849119819
1.000000000
0.259042147
1.000000000
0.199281274
1.000000000
0.003792883
1.000000000
0.037401025
0.047378640
0.425441794
1.000000000
0.130735226
0.216215357
1.000000000
1.000000000
1.000000000
1.000000000
0.000025848
0.972547503
1.000000000
0.016118618
0.493446282
1.000000000
1.000000000
1.000000000
0.924010246
0.882604502
1.000000000
1.000000000
0.117073530
0.438468578
0.962134840
0.006973766
1.000000000
1.000000000
1.000000000
1.000000000
0.000230874
0.354315739
0.803077036
0.432397599
1.000000000
0.969172307
1.000000000
0.000215145
0.638420586
1.000000000
1.000000000
0.119697176
0.007463906
1.000000000
0.999796612
0.298558834
1.000000000
0.783270228
0.989054552
0.994538344
1.000000000
0.541010906
1.000000000
1.000000000
1.000000000
1.000000000
0.605241419
0.003123684
0.630543935
1.000000000
0.626657082
0.530656873
1.000000000
1.000000000
0.565938326
0.578959320
1.000000000
1.000000000
1.000000000
0.757983300
0.040251175
0.954377617
1.000000000
1.000000000
1.000000000
1.000000000
1.000000000
1.000000000
0.979060046
0.958448455
0.057025501
0.275496869
0.000216999
1.000000000
0.498465527
0.790697165
0.450000000
0.999584150
1.000000000
0.854657942
1.000000000
1.000000000
1.000000000
0.339614987
1.000000000
0.158358710
0.521396848
1.000000000
0.483374937
0.958144992
1.000000000
0.981556167
0.972208247
0.000484979
1.000000000
0.446333086
0.000228912
1.000000000
0.250373101
0.251666174
1.000000000
0.097926757
0.158226967
1.000000000
0.227767620
0.971268183
1.000000000
1.000000000
1.000000000
0.272171357
1.000000000
1.000000000
0.000000000
0.252388083
1.000000000
0.974417785
1.000000000
0.958591254
1.000000000
1.000000000
0.005964240
0.921490331
0.999942340
1.000000000
1.000000000
1.000000000
0.174330003
0.000089977
1.000000000
0.391388289
0.785135966
0.968825551
0.836270097
1.000000000
1.000000000
0.117751623
0.999658534
1.000000000
0.533155623
1.000000000
1.000000000
1.000000000
0.800233086
1.000000000
1.000000000
1.000000000
1.000000000
0.999915006
0.259818740
0.215610757
0.979920589
0.696746340
0.066261215
1.000000000
1.000000000
0.313456673
1.000000000
0.184369828
0.023057275
0.257831651
0.559451883
1.000000000
1.000000000
1.000000000
0.869699500
1.000000000
0.873783288
1.000000000
1.000000000
0.523410037
0.978129566
0.812272647
0.979692822
1.000000000
0.847921348
0.235622324
0.999072330
0.000222598
0.999582634
1.000000000
0.641415804
0.000000000
0.224949622
0.039155898
1.000000000
0.000131401
0.048775215
0.183931743
0.834574390
0.729850281
0.000898637
0.326794081
0.035717469
0.278937708
1.000000000
0.036418252
1.000000000
1.000000000
0.007342323
1.000000000
0.046018073
1.000000000
0.290567959
0.125953554
0.974188711
1.000000000
0.999994581
0.736467522
1.000000000
1.000000000
0.556509404
1.000000000
0.000261674
0.241335922
1.000000000
1.000000000
0.241928733
0.483355858
0.007357020
0.206874298
0.818624055
0.760132152
1.000000000
1.000000000
1.000000000
0.998856377
0.928653034
1.000000000
0.094619511
1.000000000
0.320628403
0.787151431
1.000000000
0.955989571
0.160587672
1.000000000
1.000000000
0.000000000
1.000000000
1.000000000
1.000000000
0.575808167
0.060553999
1.000000000
0.214335117
1.000000000
0.100600471
0.999995701
1.000000000
0.996074787
0.000048620
1.000000000
1.000000000
0.996968538
0.888592750
1.000000000
1.000000000
0.679525873
1.000000000
1.000000000
1.000000000
0.354637840
0.011372216
1.000000000
0.224299237
1.000000000
0.042490021
0.001820805
0.616080471
1.000000000
0.300947509
0.034721011
1.000000000
0.034229252
0.934197360
0.998614008
1.000000000
0.015430720
1.000000000
0.000793410
1.000000000
0.854847948
0.562226091
0.206517615
1.000000000
0.999902501
1.000000000
0.171491087
1.000000000
1.000000000
1.000000000
0.238085089
0.101063240
1.000000000
1.000000000
1.000000000
1.000000000
1.000000000
0.795760122
0.151716681
1.000000000
0.539167145
1.000000000
0.072655910
0.240354683
1.000000000
0.101267584
0.033419294
1.000000000
0.084173382
0.546868690
0.933565590
0.955924539
0.063702906
1.000000000
0.944965214
1.000000000
0.436344749
0.002847785
0.068960592
0.895884023
1.000000000
1.000000000
1.000000000
0.833067139
0.949909743
1.000000000
0.921917747
1.000000000
0.927704606
0.413015581
1.000000000
0.745430901
0.550873141
0.772094863
0.001141083
0.938310811
0.063228884
0.279897944
0.234848190
0.029696870
1.000000000
1.000000000
1.000000000
1.000000000
1.000000000
0.929210646
1.000000000
0.865559681
1.000000000
0.967049982
0.930354124
0.112036542
0.152644569
0.016050722
1.000000000
0.989941680
0.413988520
1.000000000
0.679769567
1.000000000
0.823682863
0.995358179
0.768557565
0.981968135
0.641530789
1.000000000
1.000000000
1.000000000
0.999328792
0.146766202
1.000000000
0.081423417
0.989859056
1.000000000
1.000000000
1.000000000
0.017180436
0.000135387
0.201373581
1.000000000
1.000000000
0.664544039
0.974253662
0.972317548
0.974558959
0.103154871
0.875375681
1.000000000
0.034096900
0.730541918
0.896916164
0.713628005
0.960142223
0.997774736
1.000000000
1.000000000
1.000000000
1.000000000
0.000211942
0.655095049
0.695181412
0.996869685
0.849705300
0.883784863
1.000000000
1.000000000
0.970982253
0.000184446
0.002995872
1.000000000
1.000000000
0.001668454
0.386792368
1.000000000
0.462955660
1.000000000
0.876604178
0.037212497
0.669136693
1.000000000
0.234632662
0.260728476
0.946742810
1.000000000
0.991473092
1.000000000
1.000000000
0.653072868
1.000000000
0.737578153
1.000000000
0.418148057
1.000000000
0.935212645
0.522135708
0.928614407
1.000000000
1.000000000
1.000000000
1.000000000
0.128945413
1.000000000
0.282160509
1.000000000
0.453348795
0.000083939
0.897863676
1.000000000
0.970378663
0.000064336
1.000000000
0.130211360
0.060459406
0.781291388
1.000000000
0.460132849
1.000000000
0.204172868
0.621710806
1.000000000
0.290288731
1.000000000
0.442616332
0.749824496
0.818168746
0.013865777
1.000000000
0.626029262
1.000000000
0.659420039
0.224059741
1.000000000
0.993082122
0.999143670
1.000000000
1.000000000
1.000000000
0.028014204
0.017647146
1.000000000
1.000000000
1.000000000
0.006985216
0.000925014
0.502523557
0.898530485
1.000000000
1.000000000
0.632117500
1.000000000
0.008139435
0.471720828
0.408504580
1.000000000
0.464980576
1.000000000
0.040532706
0.996608541
1.000000000
0.097380214
0.882880437
0.015616444
1.000000000
0.998325237
0.449771003
1.000000000
0.347218686
0.198160187
0.153755838
0.881213633
0.001109719
1.000000000
1.000000000
0.389713368
1.000000000
1.000000000
0.399981176
0.744179142
0.302886074
0.766524466
0.399720949
0.349158279
0.209052687
1.000000000
0.001738439
1.000000000
0.047389104
0.949630424
0.465642891
0.982309081
1.000000000
0.193189715
1.000000000
1.000000000
1.000000000
0.055954692
1.000000000
1.000000000
1.000000000
0.510362257
1.000000000
0.174616918
1.000000000
0.018068838
1.000000000
1.000000000
0.132210413
0.999032985
0.966348754
1.000000000
0.999869131
1.000000000
1.000000000
1.000000000
0.760694798
1.000000000
0.434045731
1.000000000
1.000000000
0.951690350
0.273900771
0.048144424
0.914133811
1.000000000
0.118038596
0.433687089
0.049399943
0.204310380
0.912983571
1.000000000
0.299324774
1.000000000
0.977656698
0.989460820
1.000000000
1.000000000
1.000000000
0.714704261
0.267025602
1.000000000
1.000000000
1.000000000
1.000000000
0.033693416
0.997127788
0.011973696
1.000000000
0.171932198
0.373869054
0.162203648
0.357848887
1.000000000
1.000000000
1.000000000
0.986967299
1.000000000
0.024287939
1.000000000
0.429486284
1.000000000
0.971028002
0.386444923
0.057681008
1.000000000
1.000000000
0.323775943
1.000000000
1.000000000
0.043966940
0.883770012
0.988669140
0.997276309
0.336091398
0.639849526
1.000000000
0.010160791
1.000000000
1.000000000
1.000000000
0.129469041
0.024294054
0.096618750
1.000000000
1.000000000
0.951278278
0.977346074
1.000000000
0.020619427
1.000000000
1.000000000
0.997194068
0.016593988
1.000000000
1.000000000
0.171896644
1.000000000
0.938964037
1.000000000
0.409780233
0.946113153
1.000000000
1.000000000
0.956058566
1.000000000
0.497409695
0.304914221
0.858375932
1.000000000
1.000000000
1.000000000
1.000000000
1.000000000
0.949927250
1.000000000
0.637198985
1.000000000
0.949103352
0.204781153
0.727425433
0.977173394
1.000000000
0.990581258
0.990620365
1.000000000
0.011835315
1.000000000
1.000000000
1.000000000
1.000000000
1.000000000
1.000000000
0.032940739
0.109572998
1.000000000
0.057328185
0.808851236
0.999935715
1.000000000
0.000348319
1.000000000
0.995124731
0.735669046
0.995007439
0.055148215
1.000000000
0.926623341
1.000000000
1.000000000
1.000000000
0.421363704
0.000010929
1.000000000
1.000000000
0.002854107
1.000000000
0.755004082
1.000000000
1.000000000
1.000000000
0.627938384
1.000000000
0.994620661
1.000000000
0.234171771
1.000000000
0.994243724
0.393387585
1.000000000
1.000000000
0.917349430
1.000000000
1.000000000
1.000000000
0.772340509
0.358392995
0.654182055
0.971484895
1.000000000
1.000000000
1.000000000
1.000000000
0.692865900
0.688470422
0.998186795
0.997471034
0.303392671
1.000000000
0.957711236
0.732370512
0.032230881
1.000000000
1.000000000
0.583968571
0.014866859
0.774386570
0.933479617
1.000000000
1.000000000
0.999478397
0.025168154
0.189387018
1.000000000
1.000000000
0.129576349
1.000000000
0.000046358
1.000000000
0.592186328
1.000000000
1.000000000
0.768379781
0.000589308
1.000000000
0.553193160
1.000000000
1.000000000
0.935446490
0.704664998
0.952004943
0.120185923
0.855770613
1.000000000
1.000000000
1.000000000
1.000000000
0.776883356
0.438468578
0.081129443
0.013428621
1.000000000
0.010339370
0.837927022
0.006214903
0.671923543
0.134589683
1.000000000
0.253913114
0.000570116
1.000000000
0.003430487
0.969122220
1.000000000
0.002110643
1.000000000
0.158167582
0.050493809
1.000000000
1.000000000
0.057564454
1.000000000
0.682574964
1.000000000
0.567156897
0.326348054
0.982579771
1.000000000
0.967460998
0.833893638
1.000000000
0.172726280
1.000000000
0.167961554
0.999522781
0.000086277
0.370385018
1.000000000
0.026680634
1.000000000
0.802273367
1.000000000
1.000000000
1.000000000
1.000000000
0.492861997
0.136088602
1.000000000
1.000000000
0.006190948
0.004506632
1.000000000
1.000000000
0.182486738
0.704201001
0.155711258
1.000000000
0.856946151
1.000000000
0.104740437
1.000000000
0.009505588
0.823810021
0.998959170
1.000000000
0.044109670
1.000000000
0.013667969
1.000000000
0.819009703
1.000000000
1.000000000
1.000000000
0.060705388
0.982147369
1.000000000
0.392520589
1.000000000
0.964294913
0.998511806
1.000000000
1.000000000
1.000000000
0.471282325
0.927978556
1.000000000
0.187873788
0.133512613
0.239526232
1.000000000
1.000000000
0.334654385
0.000000000
0.847304110
0.485120619
1.000000000
0.987793629
1.000000000
1.000000000
0.459993698
0.577558705
1.000000000
1.000000000
1.000000000
0.370376695
0.172639004
0.733425706
0.999882917
1.000000000
0.976369727
1.000000000
0.036486126
0.288455690
1.000000000
0.995758718
0.937365498
1.000000000
0.080590682
0.995277772
0.871227531
0.672403595
0.841866788
0.002784857
1.000000000
0.998643579
1.000000000
0.494339066
1.000000000
0.241000691
0.507273172
0.757990269
1.000000000
0.478468334
0.692667052
0.729139444
0.993379915
1.000000000
1.000000000
0.999108880
0.440523594
0.815249130
1.000000000
1.000000000
1.000000000
1.000000000
1.000000000
1.000000000
0.902187671
0.853996577
1.000000000
0.504389054
0.918089229
0.999592445
1.000000000
0.225473145
1.000000000
1.000000000
0.847226250
1.000000000
0.123592024
1.000000000
0.534070282
1.000000000
0.991553499
1.000000000
0.000003719
0.838369366
1.000000000
0.922695287
0.818984694
0.644352081
0.597818997
0.992884373
1.000000000
1.000000000
0.161503038
0.874424340
1.000000000
0.523036626
0.159614518
1.000000000
0.972930106
1.000000000
0.309906802
1.000000000
1.000000000
1.000000000
0.989903888
1.000000000
0.049541644
1.000000000
0.135620629
0.081107896
1.000000000
0.750418960
0.822907173
0.336536473
0.243682229
1.000000000
1.000000000
0.700628801
0.261568404
1.000000000
1.000000000
0.753836233
1.000000000
0.500000000
0.015803528
1.000000000
0.932133156
1.000000000
1.000000000
1.000000000
0.999185424
0.987098187
1.000000000
0.998621797
0.005258630
0.497476443
1.000000000
1.000000000
1.000000000
0.660499551
0.117726660
1.000000000
1.000000000
1.000000000
1.000000000
1.000000000
0.951558685
0.609078210
0.251692050
1.000000000
0.825067058
0.364336109
1.000000000
1.000000000
1.000000000
0.968133115
0.999999314
0.993178834
0.042224777
1.000000000
0.015993733
0.935804691
0.978853430
0.919229753
1.000000000
0.791452093
0.895961533
1.000000000
0.758640803
1.000000000
0.018025837
0.776650106
0.100750820
1.000000000
1.000000000
0.983258401
0.183196447
0.421532961
1.000000000
0.013387373
1.000000000
1.000000000
1.000000000
0.882060313
0.995275238
1.000000000
1.000000000
0.454359776
1.000000000
0.009061831
0.079655961
0.057499828
1.000000000
1.000000000
1.000000000
0.916486069
0.352260638
0.491249759
0.448677927
0.876251105
1.000000000
0.895226883
1.000000000
0.110383078
0.382937837
0.003229981
1.000000000
0.999978744
0.001707261
0.837288189
0.068595049
1.000000000
0.378348648
0.733045520
0.972306493
1.000000000
0.904744956
0.973584589
0.049742388
1.000000000
0.999405549
1.000000000
1.000000000
0.400051983
0.923040311
0.425480331
1.000000000
0.510994046
1.000000000
1.000000000
1.000000000
0.940147803
1.000000000
1.000000000
0.201494416
1.000000000
0.995701478
0.527014324
0.991984573
0.673854292
1.000000000
1.000000000
1.000000000
0.000948747
1.000000000
0.998080653
0.675720549
0.406322540
0.096106219
1.000000000
0.954514632
0.024688725
0.382053949
0.293087150
1.000000000
1.000000000
0.997512444
0.030650305
0.977787675
0.721724931
0.623128004
0.999988132
1.000000000
0.913981406
1.000000000
0.342829637
1.000000000
0.456629763
0.606793877
0.338709716
1.000000000
0.491225745
1.000000000
0.831517829
1.000000000
0.172208028
1.000000000
0.993622429
1.000000000
0.999380043
0.327170766
1.000000000
1.000000000
1.000000000
0.956295921
0.013416706
0.943390368
0.735711234
1.000000000
0.056710263
1.000000000
1.000000000
1.000000000
1.000000000
0.886651442
0.579432691
1.000000000
0.802896594
0.951307067
1.000000000
1.000000000
0.550405876
0.577011838
1.000000000
1.000000000
1.000000000
0.546542469
1.000000000
1.000000000
1.000000000
1.000000000
0.772663174
1.000000000
0.891286143
1.000000000
1.000000000
0.639804237
1.000000000
1.000000000
0.999737145
1.000000000
1.000000000
0.513871791
1.000000000
0.921413554
1.000000000
1.000000000
0.689044669
1.000000000
1.000000000
0.696922246
1.000000000
0.999877412
0.144330531
1.000000000
0.992513760
1.000000000
1.000000000
0.870598638
0.956590369
0.159401238
0.000534619
0.487370766
0.002465322
1.000000000
0.001717357
0.707026088
1.000000000
1.000000000
0.680936118
0.006730424
1.000000000
0.635182945
0.045225517
1.000000000
1.000000000
1.000000000
1.000000000
1.000000000
1.000000000
1.000000000
0.791501243
1.000000000
1.000000000
1.000000000
1.000000000
0.993147569
0.764139672
0.113168766
1.000000000
1.000000000
1.000000000
0.282064212
1.000000000
1.000000000
0.091943354
0.036519080
0.189417689
0.003583710
0.085923654
0.997744895
1.000000000
0.554667370
0.200099731
0.995321847
0.808286126
0.856549625
0.580672042
1.000000000
1.000000000
1.000000000
1.000000000
0.664111079
1.000000000
0.077849355
0.000864231
0.696073003
1.000000000
1.000000000
1.000000000
1.000000000
0.463399246
0.010411171
1.000000000
1.000000000
1.000000000
0.996724879
0.468865678
0.822904574
0.015327291
1.000000000
0.959293905
0.648510622
0.077052919
1.000000000
0.785505401
0.050344222
1.000000000
1.000000000
0.904275931
0.534235965
0.929724900
1.000000000
0.938847457
1.000000000
1.000000000
0.000105861
0.977546117
1.000000000
1.000000000
0.275112430
0.648566022
1.000000000
1.000000000
0.544360357
0.313521321
0.850065065
0.621190815
1.000000000
1.000000000
1.000000000
1.000000000
1.000000000
0.995255762
0.051090051
1.000000000
1.000000000
1.000000000
0.057222682
0.895162783
1.000000000
0.018410948
1.000000000
1.000000000
1.000000000
0.551474891
0.999997763
1.000000000
1.000000000
1.000000000
0.991486022
0.712871804
0.979002514
1.000000000
0.999978600
1.000000000
1.000000000
0.821130588
0.213490467
1.000000000
1.000000000
0.819295497
0.972842746
0.874830528
0.701629501
1.000000000
1.000000000
1.000000000
1.000000000
1.000000000
0.106673284
1.000000000
0.005171202
0.999862795
1.000000000
0.951121379
1.000000000
0.505503712
0.087328302
1.000000000
0.671372736
1.000000000
1.000000000
1.000000000
0.971760027
1.000000000
0.001268360
1.000000000
1.000000000
0.952412137
0.700726699
1.000000000
1.000000000
1.000000000
1.000000000
1.000000000
1.000000000
0.939465041
1.000000000
0.075941289
1.000000000
1.000000000
1.000000000
0.999942735
1.000000000
1.000000000
1.000000000
1.000000000
1.000000000
0.014504219
1.000000000
1.000000000
0.570034674
1.000000000
1.000000000
1.000000000
1.000000000
0.001712844
0.066351358
1.000000000
0.981518359
1.000000000
0.001536299
1.000000000
1.000000000
0.037284526
0.768443000
1.000000000
0.012796911
0.832350357
0.992843875
0.937761157
0.837143001
0.902614712
0.807339243
1.000000000
1.000000000
1.000000000
1.000000000
0.971303401
1.000000000
0.615992381
0.167590639
1.000000000
0.994803758
0.005824007
1.000000000
0.000213309
1.000000000
1.000000000
1.000000000
1.000000000
0.994966273
0.045689376
0.585527754
0.002927422
1.000000000
1.000000000
0.000000642
0.000266326
1.000000000
0.444246917
0.789402269
1.000000000
1.000000000
0.989201347
0.926165003
0.050717427
0.024767675
0.034887319
1.000000000
0.299236631
1.000000000
1.000000000
1.000000000
1.000000000
0.753110831
1.000000000
0.000000509
1.000000000
1.000000000
0.093636695
1.000000000
0.226256317
1.000000000
0.784377278
0.325464763
0.402347002
0.994960818
1.000000000
1.000000000
0.051517287
0.278725484
0.541427579
1.000000000
1.000000000
1.000000000
0.011355633
1.000000000
0.972438207
0.830216163
1.000000000
1.000000000
0.019192947
1.000000000
0.986146134
1.000000000
1.000000000
0.081574924
0.150628788
0.351288253
0.072646102
1.000000000
0.257343706
0.001207593
1.000000000
1.000000000
1.000000000
1.000000000
1.000000000
0.075963060
0.015410600
1.000000000
1.000000000
0.517450889
1.000000000
1.000000000
0.066903476
0.004818861
0.842719340
0.862234484
1.000000000
0.996066616
0.106928393
1.000000000
1.000000000
1.000000000
0.969171547
0.064985747
1.000000000
1.000000000
1.000000000
1.000000000
0.084613853
1.000000000
0.048160046
0.892274568
0.161071231
0.948769500
1.000000000
0.080473256
0.900072747
1.000000000
0.004909113
1.000000000
1.000000000
1.000000000
1.000000000
1.000000000
0.864789910
1.000000000
1.000000000
0.785471716
0.239938180
1.000000000
1.000000000
0.390628643
1.000000000
1.000000000
1.000000000
0.009845212
0.551050493
0.310028699
1.000000000
0.069721691
1.000000000
1.000000000
0.533423929
0.139441610
1.000000000
1.000000000
0.808033930
0.096036460
0.967769578
0.708277143
0.952265119
0.017068886
0.910846409
0.810239575
0.970025043
0.955214489
0.508680768
0.306532711
1.000000000
0.000000000
0.996978245
0.056920283
0.251629521
1.000000000
0.120207222
1.000000000
0.260924229
1.000000000
0.037040337
1.000000000
0.888345235
0.998775534
0.003376046
1.000000000
0.779583006
0.973892205
0.025880958
0.001095707
1.000000000
1.000000000
0.048216295
1.000000000
0.002852825
1.000000000
0.586257117
0.973111033
0.673986948
1.000000000
0.178391594
0.716059816
1.000000000
1.000000000
1.000000000
0.226195184
0.989939585
0.291309963
0.018217246
1.000000000
1.000000000
0.523333333
0.118535647
1.000000000
1.000000000
0.870088148
0.948599207
1.000000000
0.103383115
1.000000000
0.999820590
1.000000000
1.000000000
0.697754798
1.000000000
0.041401178
0.059899144
1.000000000
0.662795602
1.000000000
1.000000000
0.900452480
0.867435026
0.996142758
1.000000000
1.000000000
1.000000000
1.000000000
0.885615415
0.875380151
0.997872781
0.985162168
1.000000000
1.000000000
0.978973953
1.000000000
1.000000000
1.000000000
0.940843423
0.945055531
0.230025888
1.000000000
0.003442154
1.000000000
1.000000000
1.000000000
0.153967472
1.000000000
1.000000000
1.000000000
0.067816198
0.000000000
1.000000000
1.000000000
1.000000000
0.286283526
0.977824530
1.000000000
0.773437500
0.083698819
0.052640104
1.000000000
0.030733767
0.723245954
1.000000000
0.970644386
1.000000000
0.108743741
1.000000000
1.000000000
0.950095638
0.996776445
0.938027548
1.000000000
0.998882049
0.997765891
1.000000000
0.202046237
1.000000000
0.992293498
0.508737526
0.889250239
0.333825615
0.344965546
0.132529980
0.998760935
0.862780685
0.006089181
0.920627840
1.000000000
1.000000000
1.000000000
0.596388271
0.933622546
1.000000000
0.061885054
1.000000000
1.000000000
0.626703488
0.977289733
1.000000000
1.000000000
0.728011546
0.090198258
0.000020851
1.000000000
0.853963797
0.065639293
1.000000000
0.996666878
1.000000000
0.229994591
0.562566563
1.000000000
0.479285312
1.000000000
0.877732274
1.000000000
0.000349645
0.742559009
1.000000000
0.975631291
0.365800408
1.000000000
0.911480310
0.665688303
1.000000000
1.000000000
1.000000000
0.995063977
0.006131875
0.980481341
1.000000000
1.000000000
0.016403954
0.584084221
0.464781727
1.000000000
1.000000000
0.893522249
1.000000000
0.000211071
1.000000000
1.000000000
0.998559295
0.083241770
0.999995437
0.280583634
1.000000000
0.709889784
1.000000000
0.954889823
1.000000000
0.946956639
1.000000000
0.004152421
0.027640104
1.000000000
1.000000000
0.888539789
1.000000000
0.051500126
0.069701646
0.997486107
0.996730896
0.124848204
1.000000000
1.000000000
0.460100747
1.000000000
0.906322355
1.000000000
0.968863090
0.955759881
1.000000000
0.109318331
1.000000000
1.000000000
0.055785120
0.972882222
0.959767823
0.530391713
1.000000000
1.000000000
0.286344858
0.309766485
0.003249697
1.000000000
1.000000000
0.913761564
0.047656138
1.000000000
1.000000000
1.000000000
0.874504740
0.449030317
0.000149845
0.927638102
1.000000000
0.900372952
0.837086449
1.000000000
0.403382937
0.976811570
0.500000000
0.095024879
0.657771174
0.350542015
0.851441103
1.000000000
0.515509231
1.000000000
0.965332338
0.342384939
0.061585060
0.800576896
0.315631722
0.082299766
0.786149693
0.001128470
1.000000000
0.004431430
0.032474720
0.000298443
0.099666850
1.000000000
0.998943048
0.173496548
0.016899813
0.619459457
1.000000000
0.975107231
1.000000000
0.914821626
1.000000000
1.000000000
0.154754709
0.410884154
0.599752917
0.860344202
1.000000000
0.415974219
1.000000000
0.998911364
1.000000000
0.826886451
0.864818598
0.099725874
0.065223228
0.864262349
1.000000000
0.703237579
0.819946024
1.000000000
1.000000000
1.000000000
1.000000000
0.059093795
1.000000000
0.013851574
1.000000000
1.000000000
1.000000000
1.000000000
0.995411724
1.000000000
0.955978561
0.228165275
0.002519302
1.000000000
0.033433582
0.595199385
0.997303897
1.000000000
0.991985091
1.000000000
0.847582605
1.000000000
1.000000000
1.000000000
1.000000000
0.116954615
1.000000000
0.970817338
0.926054202
