0.084361613
1.000000000
1.000000000
0.131792737
0.788579320
1.000000000
1.000000000
0.713287052
1.000000000
1.000000000
1.000000000
1.000000000
1.000000000
1.000000000
0.926440719
0.994825540
0.059911297
0.117915741
0.873130248
0.184845365
1.000000000
0.005259218
1.000000000
0.388156116
1.000000000
1.000000000
1.000000000
1.000000000
0.019332293
1.000000000
0.040701035
0.382443249
0.086550525
0.244999582
0.392082283
0.333229141
1.000000000
0.012022174
0.293347330
1.000000000
1.000000000
1.000000000
0.007283207
0.956554627
1.000000000
0.534737563
1.000000000
1.000000000
0.856553615
0.006633810
0.931481962
0.000495662
1.000000000
1.000000000
1.000000000
0.631986053
1.000000000
1.000000000
0.631986053
0.936254102
0.726960835
1.000000000
0.995529875
1.000000000
1.000000000
0.006788964
0.074050279
1.000000000
0.876282924
0.996682427
1.000000000
1.000000000
1.000000000
0.000126470
0.989783640
0.965409672
0.067314473
0.842237907
0.698805339
0.006805672
1.000000000
1.000000000
1.000000000
0.646293969
0.640859429
0.004044426
0.121831989
0.331601146
0.160240372
1.000000000
0.999880536
0.065186058
1.000000000
1.000000000
1.000000000
0.532420510
0.182728235
1.000000000
1.000000000
1.000000000
1.000000000
1.000000000
0.788856642
1.000000000
0.888917919
0.998120352
0.954896932
1.000000000
0.043582875
0.512499371
0.679874745
1.000000000
0.002046397
0.423624690
0.251731397
1.000000000
1.000000000
0.181664624
0.861005390
1.000000000
0.080200935
0.848796919
1.000000000
0.617756653
1.000000000
0.000410471
0.479941292
1.000000000
1.000000000
0.020209725
1.000000000
1.000000000
1.000000000
1.000000000
0.474228276
1.000000000
0.187918589
1.000000000
1.000000000
1.000000000
0.005760064
1.000000000
0.694238951
0.011754272
0.248719765
1.000000000
1.000000000
0.467197613
0.989875429
0.842777902
0.957184978
0.502501245
0.762356424
1.000000000
0.950342216
1.000000000
0.013009983
1.000000000
0.937002692
0.019729362
0.648992163
0.938355605
0.640534545
0.677960569
1.000000000
1.000000000
1.000000000
1.000000000
1.000000000
1.000000000
1.000000000
1.000000000
0.928125875
0.072402344
1.000000000
1.000000000
0.707511064
0.845434208
0.460552121
1.000000000
1.000000000
0.124183451
0.932829520
1.000000000
0.120291712
0.307861422
1.000000000
1.000000000
0.673312408
1.000000000
0.149923864
0.483619911
0.903596002
1.000000000
1.000000000
1.000000000
0.202320217
1.000000000
0.662357828
0.815187116
0.060374087
0.078703927
1.000000000
1.000000000
1.000000000
1.000000000
1.000000000
0.985304001
1.000000000
0.703571883
1.000000000
1.000000000
0.220896623
1.000000000
1.000000000
1.000000000
0.976739924
1.000000000
0.874745852
0.000221202
1.000000000
1.000000000
0.116076872
1.000000000
1.000000000
0.996146621
1.000000000
1.000000000
1.000000000
0.999569118
1.000000000
0.593145051
1.000000000
1.000000000
1.000000000
0.024011089
1.000000000
1.000000000
0.005505482
0.915357198
1.000000000
0.952104128
0.000071613
1.000000000
1.000000000
1.000000000
0.000875590
0.628498370
0.329242743
0.173654299
0.193341707
0.038437188
0.957715718
1.000000000
0.036457379
1.000000000
0.032339021
1.000000000
0.000081174
1.000000000
1.000000000
0.520279399
1.000000000
0.004694355
0.992370277
0.921643107
1.000000000
1.000000000
0.047372334
1.000000000
1.000000000
0.225180308
0.324645694
1.000000000
0.950854316
0.002199722
1.000000000
1.000000000
1.000000000
0.457716442
1.000000000
0.805964382
1.000000000
0.878615265
0.905293740
1.000000000
1.000000000
1.000000000
0.999847068
1.000000000
1.000000000
0.839946954
0.996340194
0.992175899
1.000000000
0.169784068
0.872369120
1.000000000
0.000000000
1.000000000
0.658625531
0.901629632
0.021556422
1.000000000
1.000000000
1.000000000
1.000000000
1.000000000
1.000000000
1.000000000
0.792968870
1.000000000
0.000678439
1.000000000
1.000000000
1.000000000
0.786694786
1.000000000
1.000000000
1.000000000
1.000000000
0.434356173
0.038858346
0.624328368
1.000000000
0.997415091
1.000000000
0.474973432
1.000000000
1.000000000
0.910720631
1.000000000
1.000000000
0.646439464
1.000000000
1.000000000
1.000000000
0.937500000
0.872959717
0.023374306
0.598510802
0.716553767
0.525300807
1.000000000
1.000000000
1.000000000
0.248228866
0.868778337
0.765543479
0.049947861
0.927905837
0.979776839
1.000000000
1.000000000
0.986844532
0.325689007
0.000002499
1.000000000
0.998075221
0.981928077
0.393258269
1.000000000
0.009411387
1.000000000
0.935347419
0.969921892
0.074346166
0.913063186
0.001897096
0.208264829
0.582107896
0.585179280
0.617631859
0.829126942
0.551473809
1.000000000
0.000006312
0.955025192
1.000000000
0.874333309
0.181295193
0.000628289
1.000000000
1.000000000
1.000000000
0.874753768
1.000000000
0.615003648
0.188725733
0.986240342
1.000000000
0.994975450
0.059683288
1.000000000
1.000000000
1.000000000
0.539911315
1.000000000
1.000000000
0.000016950
1.000000000
0.476634881
1.000000000
0.944487468
0.001520617
1.000000000
0.794142322
1.000000000
0.998291062
1.000000000
0.998701335
0.441199580
0.416220559
1.000000000
1.000000000
1.000000000
1.000000000
1.000000000
1.000000000
0.497339267
0.077748951
0.138411816
0.557932121
1.000000000
1.000000000
0.000000000
0.758816524
1.000000000
1.000000000
1.000000000
1.000000000
1.000000000
0.879891784
0.512365156
0.562008605
1.000000000
0.589937149
0.730469146
0.910405995
0.533811920
0.939134974
0.999981487
1.000000000
0.769028404
0.425636513
0.000885816
1.000000000
0.060900397
0.787161430
1.000000000
1.000000000
0.999031230
0.600211524
1.000000000
0.995736353
0.497272548
0.999755133
0.038879065
0.014695999
0.999726488
0.000233715
0.010883010
0.890001982
1.000000000
0.019849101
0.136670662
0.224678787
1.000000000
1.000000000
0.797927495
1.000000000
1.000000000
0.004034182
0.744455451
0.477149730
0.012953850
1.000000000
0.876202964
1.000000000
1.000000000
1.000000000
1.000000000
0.959623236
0.987537779
1.000000000
1.000000000
1.000000000
0.927905837
1.000000000
0.922672896
0.118786367
1.000000000
1.000000000
0.002725566
1.000000000
0.124646424
0.030835733
1.000000000
0.011037670
1.000000000
0.010984240
0.643854422
0.999925718
0.031335932
0.830476949
0.902418470
1.000000000
1.000000000
1.000000000
0.000139916
0.355867665
1.000000000
0.894114096
0.802765966
0.527212452
1.000000000
0.276541953
1.000000000
0.744677619
0.224603059
0.036675015
1.000000000
1.000000000
0.004507007
1.000000000
0.178630586
0.000220378
1.000000000
0.966729371
1.000000000
0.508244464
0.999389629
1.000000000
1.000000000
0.064016173
1.000000000
0.600407714
0.499673457
1.000000000
0.008191058
0.653414804
1.000000000
0.308125177
1.000000000
0.990276866
0.189561711
0.207031241
1.000000000
1.000000000
0.826857311
1.000000000
0.104304321
0.971400986
1.000000000
1.000000000
1.000000000
1.000000000
1.000000000
1.000000000
0.999511720
1.000000000
0.027720108
1.000000000
1.000000000
0.654626667
0.769036502
0.984818240
0.577425407
1.000000000
0.000000000
1.000000000
1.000000000
0.810952252
0.970910477
1.000000000
0.842848153
0.995149226
0.042428856
0.470664531
0.000217137
1.000000000
0.854143783
1.000000000
0.969010725
0.710173813
0.516483414
0.000057786
0.940885016
0.569725086
1.000000000
1.000000000
1.000000000
0.815502794
0.512620928
0.967791531
0.902732063
1.000000000
0.402635414
1.000000000
1.000000000
0.964730691
1.000000000
0.099383062
1.000000000
0.732422727
1.000000000
0.009789197
1.000000000
1.000000000
0.124178153
1.000000000
1.000000000
1.000000000
0.230032691
1.000000000
0.711498211
0.434717432
0.003374359
0.907520202
1.000000000
1.000000000
1.000000000
0.000254183
1.000000000
1.000000000
0.004202816
1.000000000
1.000000000
0.029524034
0.355008551
1.000000000
1.000000000
1.000000000
1.000000000
1.000000000
1.000000000
1.000000000
0.997232321
0.981551917
0.999620264
1.000000000
0.961717903
1.000000000
1.000000000
0.000018522
1.000000000
0.352263429
0.017582665
0.009158754
0.238783099
0.043218678
0.919099233
1.000000000
0.982604543
0.942401032
1.000000000
1.000000000
0.883707176
1.000000000
1.000000000
0.339620987
0.626036285
0.942619259
1.000000000
0.998436284
1.000000000
1.000000000
1.000000000
0.132822094
0.467431910
1.000000000
0.456769505
0.944212473
1.000000000
1.000000000
0.998853063
0.211945159
0.435330800
0.018255376
0.000001823
1.000000000
1.000000000
0.264504037
1.000000000
0.007135422
0.001400118
1.000000000
0.355555556
0.039451677
0.972488724
0.101324366
0.632342457
0.980225629
0.094824038
0.991638689
1.000000000
0.970277318
1.000000000
0.022829020
1.000000000
1.000000000
0.324584357
0.014976402
0.002793999
0.728936216
0.960842428
1.000000000
0.314984656
1.000000000
0.004394071
1.000000000
0.925963551
1.000000000
0.981782754
0.999481925
1.000000000
1.000000000
0.000243676
0.765704634
1.000000000
1.000000000
1.000000000
0.028621066
0.029462848
0.812500000
1.000000000
0.891184723
0.970910477
0.653091673
0.950641309
0.038575171
1.000000000
0.385919405
1.000000000
1.000000000
0.383540424
0.004392633
1.000000000
1.000000000
0.396625994
0.455024821
0.105201295
1.000000000
1.000000000
1.000000000
1.000000000
1.000000000
1.000000000
1.000000000
1.000000000
1.000000000
1.000000000
0.788815131
0.869975976
1.000000000
1.000000000
0.967198426
0.021881145
0.992948262
0.977402966
0.214858496
0.987036666
1.000000000
0.989299167
0.834235200
1.000000000
0.839504343
0.131581552
0.386375901
1.000000000
0.880477195
0.946321020
1.000000000
0.996208467
1.000000000
0.645158220
1.000000000
0.081560423
0.865900066
1.000000000
0.555136077
0.458286766
0.986579568
1.000000000
0.573752502
0.718869936
0.048346234
0.390482793
0.998966049
0.525845183
0.999895424
0.318027987
0.944194781
1.000000000
1.000000000
1.000000000
0.016803833
0.141101805
0.510815205
1.000000000
0.058462485
1.000000000
0.465467879
0.788992087
1.000000000
1.000000000
1.000000000
1.000000000
1.000000000
0.212918002
0.291053970
1.000000000
0.152043206
0.873363949
1.000000000
1.000000000
0.657291420
0.861590962
1.000000000
1.000000000
0.540901041
1.000000000
1.000000000
1.000000000
0.478981878
0.285480325
0.696394977
1.000000000
0.999588934
0.828688790
1.000000000
1.000000000
0.496628291
1.000000000
0.026249017
0.016088684
1.000000000
1.000000000
1.000000000
0.138757024
1.000000000
0.109399555
0.012687964
0.127293362
1.000000000
0.026195941
1.000000000
0.999332823
1.000000000
1.000000000
1.000000000
0.076241613
0.015128400
1.000000000
1.000000000
0.095234146
1.000000000
1.000000000
0.000217749
0.824493163
1.000000000
0.000144116
1.000000000
0.000918728
1.000000000
0.523542305
0.989339457
1.000000000
0.860958380
0.159101493
1.000000000
0.996026888
0.212318920
0.999974636
0.998710937
1.000000000
1.000000000
0.914559561
1.000000000
1.000000000
1.000000000
1.000000000
1.000000000
1.000000000
0.999246438
0.994946594
0.849054644
1.000000000
0.435236615
1.000000000
1.000000000
1.000000000
1.000000000
1.000000000
1.000000000
0.617907228
0.089285125
0.276539942
0.473125515
0.007016855
1.000000000
1.000000000
0.999998451
0.842030107
0.000004431
0.457882399
1.000000000
0.111684935
0.983851191
0.395710304
0.569953132
1.000000000
0.829657021
0.912110786
0.000443899
0.427397643
1.000000000
0.366919807
0.960722359
0.990945804
1.000000000
1.000000000
0.995181361
0.972173544
0.971410563
0.998472213
0.988864954
1.000000000
1.000000000
0.947495018
1.000000000
1.000000000
1.000000000
0.878550251
0.990558606
0.626536327
0.161683472
0.789048271
0.999698191
0.985403844
0.999474091
1.000000000
1.000000000
1.000000000
0.986495454
1.000000000
1.000000000
0.755980155
0.061561763
0.852146134
0.022997241
1.000000000
0.044213166
0.448518932
1.000000000
1.000000000
0.019648141
1.000000000
0.002636598
1.000000000
1.000000000
1.000000000
1.000000000
1.000000000
1.000000000
1.000000000
0.859766563
0.236609226
1.000000000
1.000000000
1.000000000
1.000000000
0.002209647
0.090261344
0.363004772
0.991486022
0.987376283
0.996177972
1.000000000
1.000000000
0.859960134
0.308556772
1.000000000
1.000000000
0.428341418
1.000000000
0.620259992
0.440341266
1.000000000
0.293347330
1.000000000
0.862202008
1.000000000
0.039549826
0.062878946
1.000000000
0.089714985
1.000000000
1.000000000
1.000000000
0.013878732
0.971848723
0.000104627
1.000000000
1.000000000
0.999358974
1.000000000
1.000000000
0.997873212
1.000000000
1.000000000
0.699587163
0.066676155
1.000000000
0.766163103
0.599417482
1.000000000
0.023440774
0.731793758
1.000000000
1.000000000
0.940525639
0.833024694
1.000000000
1.000000000
1.000000000
1.000000000
1.000000000
0.029703999
0.993009274
1.000000000
0.414018022
0.041988355
0.175399565
0.251826612
0.000010382
1.000000000
0.391120477
0.574343074
1.000000000
0.309381810
1.000000000
1.000000000
1.000000000
1.000000000
0.980825109
0.250000000
0.997792177
0.048751311
1.000000000
1.000000000
0.479089470
1.000000000
0.651089386
0.142150188
1.000000000
0.771009400
0.988776326
1.000000000
1.000000000
0.003046020
0.790193423
0.422636677
1.000000000
0.614195595
0.787440402
1.000000000
0.045449825
1.000000000
0.733819181
0.510491760
1.000000000
0.000000000
1.000000000
0.459191263
1.000000000
0.997541132
0.441553332
1.000000000
1.000000000
0.004376526
0.681979928
1.000000000
1.000000000
1.000000000
1.000000000
0.000528573
0.012232376
1.000000000
0.902313064
0.908639570
1.000000000
1.000000000
0.896571925
1.000000000
1.000000000
1.000000000
1.000000000
0.306829206
0.992018794
0.999927636
1.000000000
0.029656326
1.000000000
0.968712776
1.000000000
1.000000000
1.000000000
0.828407853
1.000000000
0.944900202
0.818079327
1.000000000
1.000000000
1.000000000
1.000000000
1.000000000
0.394228880
0.079205882
1.000000000
1.000000000
0.935861567
0.056786218
1.000000000
1.000000000
1.000000000
1.000000000
1.000000000
1.000000000
0.428710417
1.000000000
0.382042889
0.176321228
1.000000000
0.002819800
0.999439201
0.001791470
1.000000000
0.999625210
0.014080509
1.000000000
1.000000000
1.000000000
1.000000000
1.000000000
0.295874196
1.000000000
0.961448237
1.000000000
1.000000000
0.981102811
0.029679041
0.850234791
0.001631236
1.000000000
0.880013422
0.110383526
0.000076803
0.000033223
0.846711569
0.992181916
0.999880258
0.999943394
0.870598638
1.000000000
1.000000000
1.000000000
0.958299041
1.000000000
1.000000000
1.000000000
0.109285237
1.000000000
0.812783385
0.704250631
0.212809351
0.020889569
0.294620296
1.000000000
1.000000000
1.000000000
0.171815455
1.000000000
0.076474992
1.000000000
1.000000000
1.000000000
0.017113908
0.441964819
0.635970160
0.470266251
1.000000000
0.394000811
1.000000000
1.000000000
0.080064572
1.000000000
0.626539013
1.000000000
1.000000000
0.851339975
1.000000000
1.000000000
1.000000000
1.000000000
0.589737018
1.000000000
1.000000000
1.000000000
0.310561028
1.000000000
1.000000000
1.000000000
1.000000000
1.000000000
0.795737895
0.371869613
0.954652448
1.000000000
0.529320655
1.000000000
1.000000000
0.919002779
1.000000000
0.641684094
1.000000000
1.000000000
1.000000000
1.000000000
0.309653579
0.908442325
0.975589149
1.000000000
1.000000000
0.519190311
0.639419008
1.000000000
0.303294049
1.000000000
1.000000000
1.000000000
1.000000000
1.000000000
0.998694127
1.000000000
0.004133978
0.739177004
0.009948173
0.938074122
0.338654906
0.935307727
0.328935452
1.000000000
1.000000000
1.000000000
0.371335922
0.875364519
1.000000000
1.000000000
1.000000000
0.539420452
0.992833269
1.000000000
1.000000000
1.000000000
1.000000000
0.999994426
1.000000000
0.916885758
0.051090051
0.509007120
1.000000000
0.953096676
0.387779892
1.000000000
1.000000000
1.000000000
0.000273716
0.007400912
1.000000000
1.000000000
0.358587453
0.923836690
0.958681332
0.002683575
0.948784407
1.000000000
1.000000000
1.000000000
1.000000000
0.029267102
0.863184064
0.840119384
1.000000000
0.999910779
0.011872186
0.642051145
1.000000000
0.717660572
1.000000000
0.343304422
1.000000000
1.000000000
1.000000000
0.801410950
1.000000000
0.634013780
0.995321847
1.000000000
0.721223779
1.000000000
1.000000000
1.000000000
0.778839769
1.000000000
1.000000000
1.000000000
0.031554156
1.000000000
0.126127503
1.000000000
1.000000000
0.088636062
0.035462570
1.000000000
0.910507035
0.071386377
1.000000000
0.536257257
0.866053965
1.000000000
0.307033847
1.000000000
0.000002863
0.998332959
0.055846530
0.844218484
0.098431219
0.973415759
0.649285489
0.642588913
1.000000000
1.000000000
0.961471063
1.000000000
0.997829357
1.000000000
1.000000000
0.695367418
0.956873132
0.763838747
0.529333333
1.000000000
0.423059952
0.454327699
0.999291966
1.000000000
0.596141583
0.207723432
1.000000000
1.000000000
0.143036335
0.491198426
1.000000000
0.082649173
0.017206999
0.000135306
0.054682954
1.000000000
1.000000000
0.051722244
1.000000000
0.149276621
0.007135422
0.338222820
0.951781514
1.000000000
1.000000000
0.157875531
0.465842823
1.000000000
0.805037714
0.457231191
0.996602467
0.929643289
1.000000000
0.015737759
0.605671716
1.000000000
1.000000000
1.000000000
1.000000000
0.129730756
0.346379691
1.000000000
0.064792601
0.958936566
1.000000000
1.000000000
0.997416609
0.952932599
0.466800968
1.000000000
1.000000000
0.999923937
1.000000000
1.000000000
1.000000000
1.000000000
0.267453388
0.005718097
1.000000000
1.000000000
0.831369428
0.990083086
1.000000000
0.600491135
1.000000000
1.000000000
1.000000000
0.929561062
1.000000000
1.000000000
0.001891033
1.000000000
1.000000000
0.061740976
0.120759487
1.000000000
0.523593836
0.051817359
1.000000000
0.001608298
0.522673157
1.000000000
1.000000000
0.993420035
0.625048014
0.168840738
0.703265557
0.230002370
0.990579444
0.966599100
0.016359709
0.167892233
1.000000000
0.973303978
1.000000000
0.163152700
0.600825257
1.000000000
0.002560566
0.909731522
1.000000000
1.000000000
1.000000000
0.947436903
1.000000000
0.010111286
1.000000000
0.012495763
1.000000000
1.000000000
0.175693654
0.852538768
0.000162652
0.034660818
0.998173585
1.000000000
0.006995305
1.000000000
1.000000000
0.229014978
1.000000000
0.985038972
1.000000000
0.886056355
1.000000000
0.997510534
0.995932299
1.000000000
1.000000000
1.000000000
1.000000000
0.771717373
0.221461937
0.644254884
1.000000000
0.326731258
0.427583797
0.088501527
0.001310373
1.000000000
1.000000000
0.339941375
1.000000000
0.952940790
0.532669725
1.000000000
1.000000000
0.089729967
0.997684170
0.012118272
1.000000000
1.000000000
1.000000000
0.044344061
0.436609209
1.000000000
1.000000000
1.000000000
0.999783550
0.655466896
1.000000000
0.818194281
0.159537077
1.000000000
1.000000000
1.000000000
0.993244596
0.977167875
0.001884965
0.891232212
1.000000000
0.697047798
0.017569071
0.049901337
0.029463524
0.827196232
0.979998796
1.000000000
0.034649396
0.524410760
1.000000000
1.000000000
0.978231234
0.350038717
0.004618338
0.204358992
0.689868398
0.955928209
0.553876975
0.000335962
1.000000000
0.499250171
0.018103694
1.000000000
0.992265038
0.927314263
0.489776457
1.000000000
1.000000000
0.001579628
0.011390299
0.986799816
1.000000000
0.461849498
1.000000000
0.962831234
1.000000000
0.891810027
1.000000000
0.999957963
0.999997220
1.000000000
0.174104459
1.000000000
0.388888889
1.000000000
0.134773546
1.000000000
0.458340231
0.998019038
0.705974932
0.013746009
0.815119830
0.500610422
0.247149823
0.979427347
1.000000000
1.000000000
0.996376097
0.551602844
0.068055217
0.972037384
0.920070536
1.000000000
1.000000000
1.000000000
0.993452669
1.000000000
0.000041899
0.000528034
0.035858117
1.000000000
1.000000000
0.999935114
1.000000000
0.656241849
0.095517595
1.000000000
0.999948814
1.000000000
1.000000000
0.999833487
1.000000000
0.908661543
0.969853359
1.000000000
0.444285163
1.000000000
1.000000000
1.000000000
0.077203583
0.068193355
0.916715341
1.000000000
0.369549850
0.184591933
1.000000000
1.000000000
0.513287180
1.000000000
1.000000000
0.076536369
1.000000000
0.676488008
1.000000000
1.000000000
0.002122357
0.974205278
1.000000000
0.205381533
0.723926090
1.000000000
0.000000000
1.000000000
0.966240804
0.002385561
1.000000000
1.000000000
1.000000000
1.000000000
0.422155274
1.000000000
0.788718962
0.999637047
0.134920680
1.000000000
1.000000000
0.854083255
0.013951645
0.220628247
1.000000000
1.000000000
1.000000000
0.502454433
1.000000000
0.709043708
0.002443006
1.000000000
1.000000000
1.000000000
1.000000000
0.000156078
1.000000000
1.000000000
1.000000000
0.982713887
0.904147994
0.164299076
0.999934656
0.578813659
1.000000000
0.995704880
0.017126803
1.000000000
1.000000000
1.000000000
0.999717362
1.000000000
1.000000000
1.000000000
0.970128705
0.816020318
1.000000000
0.274188513
0.006089804
1.000000000
0.367678672
1.000000000
0.914356696
0.592924223
0.000064886
0.005718097
0.046064316
1.000000000
1.000000000
1.000000000
1.000000000
0.916828341
0.986538854
1.000000000
0.296497415
1.000000000
1.000000000
1.000000000
0.933004843
1.000000000
0.000433727
0.002409871
0.188546820
0.906275114
0.017315792
0.919553216
0.627838017
0.510385529
0.822325794
0.056350502
1.000000000
1.000000000
1.000000000
1.000000000
0.992046551
1.000000000
1.000000000
1.000000000
1.000000000
0.941686662
1.000000000
0.871118692
0.064388687
0.554623212
0.099516382
1.000000000
0.279261616
0.654526929
0.909755595
0.787447921
1.000000000
1.000000000
1.000000000
1.000000000
0.454290119
1.000000000
1.000000000
0.005575838
1.000000000
1.000000000
1.000000000
0.947598824
1.000000000
0.997454293
1.000000000
0.199536014
1.000000000
0.972549887
1.000000000
1.000000000
1.000000000
1.000000000
1.000000000
1.000000000
0.668753280
1.000000000
1.000000000
1.000000000
1.000000000
0.775735664
0.321881795
0.989225883
1.000000000
1.000000000
1.000000000
0.945495734
0.681748836
0.006984039
0.934479925
0.744710089
0.741635608
0.015648826
0.700293280
0.989233536
1.000000000
1.000000000
1.000000000
1.000000000
0.000199134
1.000000000
0.017589846
1.000000000
0.888677395
1.000000000
1.000000000
0.000007112
1.000000000
1.000000000
0.357869363
0.222865036
1.000000000
1.000000000
1.000000000
0.017623196
1.000000000
0.008549046
0.894693676
1.000000000
1.000000000
0.999977551
0.907002504
0.766420489
0.175971992
0.944673511
1.000000000
1.000000000
1.000000000
0.011660032
1.000000000
1.000000000
1.000000000
0.878803012
0.007041163
0.029970257
1.000000000
0.992293498
1.000000000
0.205802966
0.743343487
0.970333117
0.040239193
0.996064842
0.074404205
0.064021386
1.000000000
0.012396043
0.925227886
0.963078086
0.029599628
1.000000000
1.000000000
1.000000000
1.000000000
1.000000000
0.001437989
0.817235284
0.437998728
0.257850207
0.930041848
0.078105319
0.855964824
0.056158418
1.000000000
0.975871783
0.747822886
1.000000000
0.118410551
0.009469781
0.132029590
0.996416809
1.000000000
1.000000000
0.985804229
1.000000000
1.000000000
0.655278545
1.000000000
0.249180077
1.000000000
1.000000000
1.000000000
0.950269990
0.927255843
0.027548570
0.036772894
1.000000000
0.604279808
0.884765885
1.000000000
0.078713500
1.000000000
1.000000000
0.935262335
0.046858393
1.000000000
0.221683131
1.000000000
0.047183246
1.000000000
1.000000000
1.000000000
0.625915368
0.291367856
1.000000000
0.985700180
1.000000000
1.000000000
0.216559055
0.002426091
0.315011625
1.000000000
1.000000000
0.012698575
1.000000000
0.933206130
0.968649810
1.000000000
1.000000000
0.996474757
0.609683028
1.000000000
0.019435460
1.000000000
0.785523398
0.624815806
1.000000000
1.000000000
0.206573074
0.129641302
0.015197601
0.002585511
0.560620960
0.999777091
1.000000000
0.460458592
0.467352783
0.577061382
0.159427796
0.897935010
0.000094493
1.000000000
0.556429178
0.955909441
0.817342882
1.000000000
1.000000000
0.933613384
1.000000000
0.000315297
1.000000000
1.000000000
0.000145267
0.002138036
1.000000000
0.533309301
0.885810773
0.999975364
0.017896952
0.756550006
0.982403741
1.000000000
1.000000000
0.988595838
1.000000000
1.000000000
1.000000000
1.000000000
0.020943227
1.000000000
0.856664116
0.746456828
0.996543041
0.716325961
0.430130226
0.309739795
0.050812971
0.163851594
0.084841297
0.492602537
1.000000000
1.000000000
0.999803317
1.000000000
0.200537094
1.000000000
0.018827396
1.000000000
1.000000000
0.000379414
0.506970987
0.038774784
1.000000000
0.439720609
0.999376677
1.000000000
0.539276228
0.245479792
0.497283336
1.000000000
0.998228393
1.000000000
1.000000000
1.000000000
0.209980709
0.858252819
0.031634249
0.002047596
1.000000000
1.000000000
0.838307557
1.000000000
0.594736804
0.711687623
1.000000000
1.000000000
0.500000000
0.956202097
0.999796508
0.906636643
0.207447872
1.000000000
1.000000000
0.996078578
0.833627560
0.063510502
0.593497716
1.000000000
1.000000000
0.001826655
0.954867145
1.000000000
0.999771175
1.000000000
1.000000000
1.000000000
0.948512309
1.000000000
0.009632202
1.000000000
1.000000000
0.713224439
0.000089977
1.000000000
1.000000000
0.052434005
0.623433798
0.056215422
1.000000000
0.419278189
0.999824106
1.000000000
1.000000000
0.722280066
0.768761210
0.490504040
0.074745191
1.000000000
0.726261673
0.925398868
1.000000000
0.000735999
1.000000000
0.007143957
1.000000000
0.998434983
0.067809048
0.853091779
0.312220163
1.000000000
1.000000000
1.000000000
1.000000000
0.999462960
1.000000000
0.953604190
1.000000000
1.000000000
0.039711838
0.396912369
1.000000000
1.000000000
1.000000000
1.000000000
0.160917468
0.984251445
0.014474555
1.000000000
0.695382273
1.000000000
0.027330425
1.000000000
1.000000000
1.000000000
1.000000000
1.000000000
0.983853823
1.000000000
1.000000000
0.084051818
1.000000000
0.864536440
1.000000000
1.000000000
1.000000000
0.000577153
1.000000000
1.000000000
1.000000000
1.000000000
0.987693814
0.998868756
1.000000000
0.003144208
1.000000000
0.207822766
0.013918688
1.000000000
0.962440242
1.000000000
0.010328761
1.000000000
1.000000000
1.000000000
1.000000000
1.000000000
1.000000000
1.000000000
0.239521346
0.424439127
0.000240200
0.006736600
1.000000000
1.000000000
0.271507130
0.381598646
1.000000000
1.000000000
0.428104000
1.000000000
0.952015410
1.000000000
1.000000000
1.000000000
1.000000000
1.000000000
1.000000000
0.876481352
0.997473837
0.007281975
0.912879038
1.000000000
0.224651284
0.282914386
0.025167347
0.191329741
0.081016401
0.695726616
1.000000000
0.303260668
1.000000000
1.000000000
0.001803234
1.000000000
0.001896917
1.000000000
0.477302667
1.000000000
1.000000000
1.000000000
1.000000000
1.000000000
1.000000000
1.000000000
1.000000000
0.350843905
0.662461412
0.395272238
1.000000000
1.000000000
0.448681107
0.001751224
0.373149908
1.000000000
1.000000000
0.026892496
0.232941290
1.000000000
0.089368160
0.586207012
1.000000000
1.000000000
0.003878407
0.035248193
0.094275462
1.000000000
0.015514525
0.938652395
1.000000000
1.000000000
1.000000000
1.000000000
0.999778558
1.000000000
1.000000000
0.446793053
0.000094788
0.603165217
1.000000000
0.931172534
0.005050779
0.038765224
0.657332505
1.000000000
0.253683214
0.888536121
0.555307723
0.742862708
0.100041849
1.000000000
0.980647279
1.000000000
1.000000000
1.000000000
0.862234484
0.913644325
0.596773988
1.000000000
0.995384326
0.658020393
1.000000000
1.000000000
0.004143882
0.069866931
1.000000000
0.960931384
0.833381661
1.000000000
0.008780614
1.000000000
0.249423147
0.097345800
0.118815668
0.095896166
0.541141059
1.000000000
1.000000000
1.000000000
1.000000000
1.000000000
0.000064285
1.000000000
1.000000000
0.562662015
1.000000000
0.235908784
0.999888901
0.339991008
0.314750562
0.249673568
0.411138348
0.940666491
1.000000000
0.955412672
0.061942243
0.258499707
1.000000000
0.071557736
0.104746271
0.031312252
1.000000000
1.000000000
0.042365613
0.021172399
0.999995386
1.000000000
1.000000000
0.593782145
0.450716516
1.000000000
0.530853812
0.980602363
0.986914391
1.000000000
1.000000000
1.000000000
0.634936018
0.010950309
1.000000000
1.000000000
1.000000000
0.055787024
1.000000000
0.926174264
1.000000000
0.054562084
1.000000000
1.000000000
0.735134330
0.004307765
1.000000000
0.855541234
1.000000000
1.000000000
0.999897198
1.000000000
1.000000000
1.000000000
0.946714334
1.000000000
1.000000000
1.000000000
0.765796295
1.000000000
1.000000000
1.000000000
0.797298155
0.958884909
0.986640205
0.998091166
1.000000000
0.641674196
0.999485311
0.979916403
1.000000000
0.974531024
1.000000000
1.000000000
0.991377934
1.000000000
0.995124354
1.000000000
1.000000000
1.000000000
0.392483793
0.008260182
0.055926293
0.729293350
0.999697499
0.700542613
1.000000000
1.000000000
1.000000000
1.000000000
1.000000000
0.092222330
0.502727443
0.998700143
0.009583995
0.903799193
1.000000000
0.151042818
1.000000000
0.695826985
1.000000000
0.937192901
0.023171998
1.000000000
1.000000000
1.000000000
0.935017848
1.000000000
0.878360559
0.988529344
0.196517080
0.002924669
0.998377529
1.000000000
0.002465292
0.988214969
0.021456097
1.000000000
0.216765783
0.490658712
1.000000000
0.989968869
1.000000000
0.999473436
1.000000000
0.246558328
1.000000000
0.134272605
1.000000000
0.996619982
1.000000000
0.004051612
0.879496622
1.000000000
0.997981331
0.118278507
0.819918309
0.382098480
1.000000000
0.908295715
1.000000000
0.996071194
0.998501261
0.537788379
0.118297107
1.000000000
0.689843023
0.773428392
1.000000000
1.000000000
1.000000000
0.001382842
0.119205349
1.000000000
1.000000000
0.922605093
1.000000000
0.796265911
0.356178594
1.000000000
0.663780255
1.000000000
0.031432480
1.000000000
0.431120708
0.000654487
0.000584546
0.042848982
0.978433391
1.000000000
0.007450629
1.000000000
1.000000000
1.000000000
1.000000000
0.722768119
1.000000000
0.869388938
0.106991575
0.987884148
1.000000000
0.054142118
1.000000000
0.894384388
0.007626159
1.000000000
0.222326884
0.089755913
0.961329822
0.897980217
1.000000000
1.000000000
1.000000000
0.180246767
1.000000000
0.750000000
1.000000000
1.000000000
0.057801090
0.751490378
0.269396037
1.000000000
1.000000000
1.000000000
0.144433679
0.245539089
1.000000000
1.000000000
0.922769488
0.710081582
1.000000000
0.891607400
0.995302272
0.214436045
0.999471624
1.000000000
1.000000000
1.000000000
1.000000000
1.000000000
0.704870687
1.000000000
1.000000000
0.530687730
1.000000000
0.996897353
0.009085295
1.000000000
0.659370407
0.888396383
0.502882481
0.999133407
0.979021078
0.249668606
0.910852272
0.684613621
0.320621335
1.000000000
0.993615787
1.000000000
0.081458591
0.985804229
0.497909368
0.000125946
1.000000000
0.968994918
0.044844178
0.428298406
0.248678553
0.912429979
0.914679294
1.000000000
0.354751448
1.000000000
0.011658070
0.988182907
1.000000000
1.000000000
1.000000000
1.000000000
0.992100642
0.977865612
0.999690116
1.000000000
0.103502239
0.431495136
0.264391098
1.000000000
1.000000000
0.135854740
0.580067213
0.938822272
1.000000000
0.791838001
0.911557248
0.049875394
1.000000000
1.000000000
1.000000000
0.999761995
1.000000000
1.000000000
0.000000000
0.587141392
1.000000000
0.307966480
0.989266608
0.214824465
1.000000000
1.000000000
1.000000000
0.695392541
0.985015945
0.987961636
1.000000000
1.000000000
0.074384560
0.194495598
0.006983484
1.000000000
1.000000000
1.000000000
0.329662847
0.873416404
1.000000000
1.000000000
0.941397428
1.000000000
1.000000000
0.085613289
0.835117521
0.885943433
1.000000000
1.000000000
0.049656253
0.943958717
1.000000000
0.009058894
1.000000000
1.000000000
0.000793642
1.000000000
0.870263120
0.069973400
1.000000000
0.999780713
0.525501588
1.000000000
0.182055293
0.999639674
0.337950698
0.935419872
1.000000000
0.247917579
0.463076173
1.000000000
0.904879944
1.000000000
0.360032370
0.099379186
0.112459883
0.921090714
1.000000000
0.143192333
1.000000000
0.991576955
0.047474045
1.000000000
0.192073860
0.658730916
0.442024828
0.990087057
0.000840015
0.017502936
0.972419534
0.133363894
0.620505335
0.084548428
1.000000000
0.979740747
0.001924779
1.000000000
0.433969583
1.000000000
0.662559887
1.000000000
1.000000000
0.972625713
0.848335732
0.781570907
1.000000000
0.262871522
0.394251462
0.243880364
1.000000000
1.000000000
1.000000000
1.000000000
0.900698546
0.002173515
0.009640103
1.000000000
0.011123572
1.000000000
1.000000000
1.000000000
0.623014927
1.000000000
1.000000000
0.321803801
1.000000000
1.000000000
0.238162661
1.000000000
1.000000000
0.997803718
1.000000000
1.000000000
1.000000000
0.997226482
0.784441847
0.999969619
1.000000000
1.000000000
0.939562078
0.998625051
0.994717496
1.000000000
0.036613630
0.323486309
0.217922673
0.174433869
0.808418086
1.000000000
0.049296276
0.996015527
1.000000000
0.904332623
0.690220447
1.000000000
0.914821626
0.881681933
0.001194860
0.000053546
1.000000000
0.584414357
0.721632228
0.195625862
0.002811223
0.599562038
0.465053869
0.744173129
0.583267726
1.000000000
0.104173800
0.001629436
0.526769215
1.000000000
0.725843285
1.000000000
1.000000000
1.000000000
1.000000000
1.000000000
0.000070179
0.904017456
0.063741259
1.000000000
0.000002805
0.994523932
1.000000000
0.683201621
1.000000000
1.000000000
1.000000000
0.666170090
0.683545890
0.998409133
0.986278855
1.000000000
1.000000000
1.000000000
0.631627906
1.000000000
0.994905379
1.000000000
0.122872531
0.713216133
1.000000000
0.000024821
0.228090949
0.857780158
0.009933494
0.716824182
1.000000000
0.261283371
0.988797081
0.062021229
1.000000000
0.001444739
1.000000000
0.421688967
0.439825411
0.996869648
0.995816847
1.000000000
1.000000000
1.000000000
0.075725175
0.094218093
1.000000000
1.000000000
0.719688890
1.000000000
0.000788405
1.000000000
1.000000000
0.358464727
0.953627330
1.000000000
1.000000000
0.993876639
0.115076859
1.000000000
0.972517587
0.940157809
0.733639443
0.978935872
0.201623435
1.000000000
0.300654158
0.284614116
0.152957378
0.570096101
0.003381472
0.112623767
1.000000000
0.930449611
1.000000000
1.000000000
0.073064111
0.014352264
1.000000000
1.000000000
0.323946687
0.999923818
1.000000000
0.649696802
0.804771364
0.998943048
1.000000000
1.000000000
1.000000000
0.388514892
0.027799642
0.002939622
1.000000000
1.000000000
1.000000000
1.000000000
0.151875546
0.998241194
1.000000000
0.820195186
1.000000000
0.062043111
0.816273311
0.272761469
0.000156134
0.984065810
1.000000000
0.000669042
1.000000000
0.345259622
0.836663430
1.000000000
0.497810075
0.622595387
0.243099589
0.999917565
0.001891033
0.820407279
0.615332050
0.000337047
0.062500000
0.647377422
0.009582932
0.993234866
1.000000000
1.000000000
1.000000000
0.617582256
1.000000000
0.112011172
1.000000000
1.000000000
1.000000000
0.370644116
0.657126111
1.000000000
1.000000000
0.047063206
1.000000000
1.000000000
0.581242509
0.608964479
0.066676155
0.006062686
0.433639777
0.216449271
0.729251947
0.876832931
0.974102955
1.000000000
0.983907922
0.234825041
0.949041105
1.000000000
0.999813605
0.055661456
1.000000000
1.000000000
0.998995128
0.787104501
0.481169480
0.994116752
0.939838743
0.194122307
1.000000000
0.783692119
0.514348036
0.556760207
1.000000000
1.000000000
1.000000000
1.000000000
0.957891685
1.000000000
0.033260296
0.191669874
0.012023806
0.924248989
0.347762054
0.682164554
1.000000000
1.000000000
0.996158053
0.195269951
0.955551448
1.000000000
0.467972632
1.000000000
1.000000000
1.000000000
0.845930839
0.018209214
0.775251504
0.678456053
0.995459303
0.162249175
0.997935286
0.926259030
0.331060444
0.479902548
1.000000000
1.000000000
1.000000000
0.994325505
1.000000000
0.110646456
1.000000000
1.000000000
0.978486899
1.000000000
0.614727968
0.014676114
0.043310183
1.000000000
0.747971910
1.000000000
1.000000000
1.000000000
0.081016401
0.969399741
1.000000000
1.000000000
1.000000000
1.000000000
0.957078564
1.000000000
0.002295250
0.990419262
0.989091745
1.000000000
1.000000000
1.000000000
0.125000000
0.068351060
0.002601233
0.999923031
1.000000000
1.000000000
1.000000000
0.995762632
0.000191524
0.176963091
0.029480889
0.670254483
1.000000000
0.893751046
1.000000000
0.167959472
1.000000000
1.000000000
1.000000000
0.883750322
1.000000000
0.881602384
0.069311518
0.989553786
1.000000000
1.000000000
0.762169419
0.992066635
1.000000000
0.644217195
1.000000000
1.000000000
0.872580371
1.000000000
1.000000000
0.014409542
1.000000000
0.002429327
0.998525842
1.000000000
0.044727761
0.463274236
1.000000000
1.000000000
0.000011119
0.961291919
0.999962119
0.998415734
0.900368921
0.968853787
1.000000000
1.000000000
0.977304758
0.999989621
1.000000000
0.966368700
1.000000000
0.000752204
1.000000000
0.944821196
1.000000000
1.000000000
1.000000000
1.000000000
1.000000000
0.991146880
1.000000000
1.000000000
0.829508344
1.000000000
0.452003490
1.000000000
1.000000000
1.000000000
1.000000000
0.921916696
1.000000000
1.000000000
0.996500837
1.000000000
1.000000000
1.000000000
1.000000000
0.540923994
0.327652091
1.000000000
1.000000000
1.000000000
1.000000000
1.000000000
1.000000000
1.000000000
0.519958829
0.250185682
0.867282942
1.000000000
1.000000000
1.000000000
1.000000000
1.000000000
1.000000000
0.238890219
1.000000000
1.000000000
0.934197360
0.917228702
1.000000000
1.000000000
1.000000000
0.344154462
0.370382447
0.008278157
1.000000000
1.000000000
1.000000000
0.008080049
0.998392120
1.000000000
1.000000000
0.993369907
0.020882465
1.000000000
0.460291192
1.000000000
0.995640026
0.903122254
0.369150455
0.932691652
0.126489866
1.000000000
1.000000000
0.911444604
0.893956023
0.919077298
1.000000000
1.000000000
1.000000000
0.671159692
0.878077207
0.984546544
1.000000000
1.000000000
0.958306186
0.000272163
1.000000000
1.000000000
0.019064237
0.561361775
1.000000000
1.000000000
0.530177181
0.917975837
1.000000000
0.000422666
0.974020992
0.822993745
1.000000000
0.785289043
0.373469287
1.000000000
1.000000000
0.983242711
1.000000000
0.981643419
0.837807578
1.000000000
1.000000000
1.000000000
1.000000000
0.748406228
1.000000000
0.952644349
1.000000000
0.263748061
1.000000000
1.000000000
0.988663551
0.001235337
0.697941935
1.000000000
0.936084986
0.285776247
0.878312274
0.322330888
1.000000000
1.000000000
0.505261558
0.125447064
1.000000000
0.999984750
0.109231564
0.000000000
0.332825720
0.999798645
0.002650401
0.117021926
1.000000000
1.000000000
1.000000000
1.000000000
0.784586992
0.614938177
0.999685740
0.230565218
1.000000000
0.937278343
0.450461993
1.000000000
1.000000000
0.677390856
0.815879006
0.539276228
1.000000000
1.000000000
1.000000000
0.424866894
0.015799520
1.000000000
1.000000000
1.000000000
1.000000000
1.000000000
0.264938567
1.000000000
0.539244084
0.983792810
1.000000000
1.000000000
0.851970145
1.000000000
1.000000000
1.000000000
0.460623149
0.927917976
1.000000000
0.785375468
0.000000284
0.969961198
1.000000000
0.781494251
1.000000000
0.024005355
0.997849860
0.233030833
1.000000000
0.000014364
1.000000000
0.484412028
1.000000000
1.000000000
0.723347251
1.000000000
0.729136955
0.574456903
0.906114122
0.412497902
1.000000000
1.000000000
1.000000000
1.000000000
0.099776716
0.148349817
0.000006171
0.057228079
1.000000000
0.247107766
0.121570904
0.000123985
0.777597734
0.047898226
0.002895597
0.145705680
0.017380741
0.930830091
0.548566377
1.000000000
1.000000000
1.000000000
0.381458982
0.168606817
1.000000000
0.315317802
1.000000000
0.641464041
1.000000000
0.847027193
0.985038972
1.000000000
0.108125590
0.057195977
0.967866216
1.000000000
0.296503592
1.000000000
1.000000000
1.000000000
1.000000000
1.000000000
1.000000000
0.308109121
0.036609493
1.000000000
0.470334272
0.000000000
1.000000000
0.805797503
0.125395741
1.000000000
0.995005619
1.000000000
1.000000000
0.800183046
0.695886984
1.000000000
1.000000000
0.998473459
0.790858966
0.992550626
0.178259669
1.000000000
1.000000000
1.000000000
1.000000000
0.966878600
0.678211093
1.000000000
0.999037457
1.000000000
1.000000000
0.507245005
0.965081963
1.000000000
0.462201525
1.000000000
0.624953199
0.057773890
1.000000000
1.000000000
1.000000000
0.003570619
0.995647300
0.975127344
0.788803423
0.052368223
1.000000000
1.000000000
0.006731110
1.000000000
1.000000000
0.978772859
0.229145431
1.000000000
0.929546540
1.000000000
1.000000000
1.000000000
0.726288050
1.000000000
1.000000000
0.008742130
0.747340172
0.872404450
1.000000000
1.000000000
0.558846769
0.080800323
0.986722102
1.000000000
0.013686214
1.000000000
0.081899226
1.000000000
0.991090493
0.815213443
0.146086520
0.936939445
0.351449384
0.999499188
0.000481200
1.000000000
0.024813314
1.000000000
1.000000000
1.000000000
1.000000000
1.000000000
1.000000000
1.000000000
0.940343322
0.993194697
0.713905528
0.976978237
0.250198652
1.000000000
1.000000000
1.000000000
1.000000000
0.897754476
0.004389429
0.989362571
0.925537058
1.000000000
0.061965248
1.000000000
0.057409932
1.000000000
0.455849614
0.015853910
0.999987355
1.000000000
0.804059124
1.000000000
0.055344647
1.000000000
1.000000000
1.000000000
0.004360743
1.000000000
0.102245524
1.000000000
1.000000000
0.538392727
1.000000000
0.495813626
1.000000000
1.000000000
1.000000000
0.004511266
0.029009727
0.188106410
0.854670277
1.000000000
1.000000000
0.012640406
1.000000000
0.404456415
1.000000000
0.000108021
1.000000000
0.998577977
1.000000000
0.671202491
0.436513353
1.000000000
0.936786681
0.984337795
1.000000000
1.000000000
0.948719357
1.000000000
0.500000000
0.996033633
0.986866531
0.861896091
0.999933064
0.746578568
1.000000000
1.000000000
0.414414948
1.000000000
1.000000000
0.999973480
1.000000000
1.000000000
0.041787771
0.242287428
1.000000000
0.017931511
1.000000000
1.000000000
1.000000000
0.033745668
1.000000000
1.000000000
0.499782106
1.000000000
0.943514698
0.003086000
1.000000000
0.599398068
0.971120382
1.000000000
1.000000000
0.044942168
0.690155470
1.000000000
1.000000000
0.928668460
1.000000000
0.514629217
0.105156771
0.999165112
1.000000000
0.981337719
1.000000000
0.917468721
0.087318545
0.591580930
0.877284905
1.000000000
1.000000000
1.000000000
0.425944975
0.940525639
1.000000000
0.501279348
0.970030473
1.000000000
0.148558984
0.397501131
0.701917744
1.000000000
0.511500815
1.000000000
1.000000000
0.009334528
1.000000000
0.000000000
0.011533210
0.107751259
1.000000000
0.996690079
1.000000000
0.389669275
1.000000000
0.869667802
0.862058049
0.815417447
1.000000000
1.000000000
0.838220687
1.000000000
0.480000351
1.000000000
0.999985336
0.632430155
1.000000000
1.000000000
1.000000000
1.000000000
0.014891490
0.997756377
1.000000000
0.405428652
1.000000000
1.000000000
1.000000000
0.150650122
0.004334654
0.999533637
1.000000000
1.000000000
0.149326255
0.661259331
0.212131228
1.000000000
0.620309006
1.000000000
1.000000000
0.622339553
1.000000000
0.998939451
1.000000000
1.000000000
1.000000000
0.997700829
1.000000000
0.999587749
0.809953086
0.491230546
0.224532828
1.000000000
0.415605668
0.762887011
0.999780589
1.000000000
1.000000000
0.993541429
1.000000000
0.049168779
1.000000000
1.000000000
1.000000000
0.765992273
1.000000000
1.000000000
0.000068018
0.001298553
0.926520773
0.691526711
0.389002766
0.129348776
0.025889205
0.346931706
0.237050178
1.000000000
