1.000000000
0.750000000
1.000000000
0.980980526
1.000000000
1.000000000
1.000000000
1.000000000
0.067472928
0.710879407
0.308298809
1.000000000
0.048721934
0.763285173
1.000000000
0.565896047
0.955226930
1.000000000
1.000000000
1.000000000
1.000000000
0.999142115
1.000000000
1.000000000
1.000000000
1.000000000
0.015390473
0.926025973
1.000000000
1.000000000
1.000000000
1.000000000
0.023141740
1.000000000
0.914963848
0.332353659
1.000000000
0.999930141
0.172054255
1.000000000
0.679913985
0.411879270
1.000000000
0.706420464
1.000000000
0.042681118
1.000000000
0.998542268
0.009723896
0.985420514
0.989169880
0.049761532
1.000000000
0.255306853
1.000000000
1.000000000
0.887409755
1.000000000
0.180314113
0.049032955
0.993768498
1.000000000
1.000000000
0.681484254
0.987801168
0.028506883
1.000000000
0.302807295
0.674958092
0.917605218
0.001350942
1.000000000
0.181949109
1.000000000
0.515224385
0.985059376
1.000000000
1.000000000
0.976105109
1.000000000
0.214880686
1.000000000
1.000000000
1.000000000
1.000000000
1.000000000
0.893856877
1.000000000
1.000000000
0.736867676
0.003290304
0.996492849
1.000000000
1.000000000
1.000000000
0.119533999
0.004860067
1.000000000
0.336176514
1.000000000
1.000000000
1.000000000
1.000000000
1.000000000
1.000000000
1.000000000
1.000000000
0.216218965
0.628038370
1.000000000
1.000000000
0.561428079
0.418023796
0.694273668
1.000000000
1.000000000
0.911815653
0.512891402
1.000000000
0.112665451
0.248928547
0.684368278
1.000000000
1.000000000
0.958070967
1.000000000
0.795087942
1.000000000
0.834439005
0.310981854
0.999940949
0.684381517
1.000000000
0.999573188
0.739137361
0.383189511
0.010403055
0.062248217
0.947361773
0.926312554
0.908081976
1.000000000
1.000000000
1.000000000
1.000000000
1.000000000
0.945390482
1.000000000
0.000172167
0.046487462
0.974864254
1.000000000
0.158874847
1.000000000
0.713340018
1.000000000
0.506902217
1.000000000
0.049729783
0.430024309
0.998383684
1.000000000
0.972364279
1.000000000
0.421559534
0.962678138
0.589642231
0.002156345
0.752177205
1.000000000
1.000000000
1.000000000
1.000000000
1.000000000
1.000000000
1.000000000
0.514675489
1.000000000
0.192125837
1.000000000
0.033474421
1.000000000
0.395280525
1.000000000
1.000000000
0.450236101
0.391921742
0.010971800
1.000000000
1.000000000
1.000000000
1.000000000
1.000000000
0.004850988
0.999802971
0.991691097
1.000000000
0.126790531
0.469455608
1.000000000
1.000000000
1.000000000
1.000000000
0.690738520
1.000000000
1.000000000
1.000000000
0.156242139
0.009006715
0.722609917
0.804982596
0.548277325
0.143004387
0.817245031
1.000000000
0.990748088
0.925601563
0.071511221
1.000000000
1.000000000
1.000000000
1.000000000
0.494777744
1.000000000
1.000000000
0.111759276
1.000000000
0.340670594
0.007732759
0.000995159
0.013297166
1.000000000
1.000000000
0.898606345
0.637653215
1.000000000
1.000000000
0.896950289
0.027018481
0.010319417
0.055685771
0.088564924
1.000000000
0.126146387
0.999021069
0.013861161
1.000000000
1.000000000
1.000000000
0.679079592
1.000000000
1.000000000
1.000000000
0.999495640
1.000000000
0.837046173
0.371485254
1.000000000
0.411258709
1.000000000
1.000000000
0.957588471
0.088642546
1.000000000
1.000000000
1.000000000
1.000000000
0.977355181
0.032982698
0.808280094
0.983357853
0.999761825
1.000000000
0.999844421
0.785601836
1.000000000
1.000000000
1.000000000
0.997006311
1.000000000
0.403481660
1.000000000
0.615332050
0.088644851
1.000000000
1.000000000
1.000000000
0.985432985
1.000000000
1.000000000
0.525881272
0.237617330
0.975863533
1.000000000
0.765789898
0.999895477
0.908498516
1.000000000
0.545569764
0.548277325
1.000000000
1.000000000
0.754651914
0.997632875
1.000000000
0.346610256
0.549277297
0.000453140
1.000000000
1.000000000
1.000000000
0.842883714
1.000000000
1.000000000
0.999950270
1.000000000
0.994258349
0.000996538
0.999821376
0.814551188
1.000000000
1.000000000
1.000000000
0.898657629
0.069160459
1.000000000
0.878245188
1.000000000
0.289154813
0.982701290
0.421765374
0.867439115
1.000000000
0.000445251
0.108190149
0.014398293
0.672727462
1.000000000
0.125208088
0.999964157
0.667021840
1.000000000
0.001868192
0.748131677
0.025825056
0.000912129
1.000000000
0.998987817
1.000000000
0.015071195
0.000263419
0.975441360
0.945022207
0.970566900
1.000000000
0.894335342
0.020046265
0.876103590
1.000000000
1.000000000
0.324559911
1.000000000
0.989033242
1.000000000
0.428104000
1.000000000
1.000000000
0.970480481
0.131868518
0.652578882
0.002223647
1.000000000
0.053625198
0.778906490
0.969634025
0.990778089
0.844926743
0.953127763
1.000000000
0.037769595
1.000000000
0.518644951
1.000000000
0.999786575
0.016000439
0.508441219
0.047310247
1.000000000
1.000000000
0.863964881
0.653988821
1.000000000
0.149541910
0.946828981
1.000000000
0.583990913
1.000000000
0.186104258
0.999988061
0.925124279
1.000000000
0.988886857
0.007263859
0.539759962
1.000000000
1.000000000
0.350042307
1.000000000
0.993217625
0.943313038
0.206162121
0.011530981
0.996012748
1.000000000
0.994097255
0.031230401
0.252645477
1.000000000
0.122533183
0.656128917
0.001089640
0.430457288
0.982047574
1.000000000
0.044579841
0.972763281
0.985383892
0.049559070
1.000000000
1.000000000
0.003211254
1.000000000
1.000000000
1.000000000
1.000000000
1.000000000
0.996869781
0.162059232
1.000000000
1.000000000
1.000000000
1.000000000
1.000000000
1.000000000
0.068919956
1.000000000
0.999130017
0.056800641
0.107960838
0.078603425
0.749297344
0.996319353
1.000000000
0.025823502
0.001451470
0.315468368
1.000000000
1.000000000
1.000000000
1.000000000
0.785765146
1.000000000
1.000000000
0.180461396
0.015554020
0.247900935
1.000000000
0.919229753
0.999950930
0.944608503
0.001386303
1.000000000
1.000000000
1.000000000
1.000000000
0.996219016
1.000000000
1.000000000
0.000018498
0.977875776
1.000000000
1.000000000
1.000000000
1.000000000
1.000000000
0.798865849
1.000000000
0.027965350
0.770789206
1.000000000
0.394062283
1.000000000
0.875885756
1.000000000
0.539377701
1.000000000
0.996207117
0.532685109
0.876932574
0.998381879
1.000000000
1.000000000
0.972641687
0.655289369
0.981451954
1.000000000
0.002929476
0.152528458
0.344394528
0.985154473
1.000000000
0.997519136
0.998840867
0.071962695
0.996596219
1.000000000
1.000000000
0.958098466
1.000000000
0.983933537
0.065915312
0.909184107
0.729258664
1.000000000
1.000000000
0.044649313
0.021456097
0.361896424
0.868598147
1.000000000
1.000000000
0.115382896
1.000000000
1.000000000
1.000000000
1.000000000
0.552360734
0.277928906
0.985001872
0.941808295
0.386937375
0.579983425
0.846455335
1.000000000
0.864220820
0.090257510
0.944512526
0.474128649
0.999976058
1.000000000
0.998662865
0.979117535
1.000000000
1.000000000
1.000000000
0.402791251
0.065315070
0.917950116
0.521769231
1.000000000
0.495971050
0.702149282
1.000000000
1.000000000
1.000000000
1.000000000
0.632952730
0.997715259
0.826751199
1.000000000
1.000000000
1.000000000
0.601123332
1.000000000
0.124018839
0.017975588
1.000000000
1.000000000
0.000000000
1.000000000
0.479321950
1.000000000
0.045279935
1.000000000
0.300264219
1.000000000
0.000630543
0.023775415
1.000000000
1.000000000
1.000000000
0.999219939
0.980069391
1.000000000
1.000000000
1.000000000
1.000000000
1.000000000
0.999999264
0.397174264
1.000000000
1.000000000
0.995219707
0.809620854
0.646940838
0.953168032
1.000000000
0.784304100
0.047059210
0.519701364
1.000000000
0.142578349
1.000000000
0.175621623
1.000000000
1.000000000
1.000000000
0.853221558
1.000000000
0.441722548
0.880265085
0.002375981
0.002510000
1.000000000
1.000000000
1.000000000
1.000000000
0.052982813
1.000000000
0.150703288
1.000000000
1.000000000
0.800525447
1.000000000
1.000000000
0.001778863
0.957804803
1.000000000
0.030185841
0.866213190
0.503280212
1.000000000
1.000000000
0.532949443
0.673845739
0.001035869
0.094168636
0.999292772
0.994741370
0.798066561
0.004793947
1.000000000
0.986143182
0.995094959
0.999994827
1.000000000
0.053213066
0.292960227
0.000732004
0.987502096
0.374282191
1.000000000
0.000611873
0.300241218
0.001789289
1.000000000
1.000000000
0.770429609
0.863410715
0.809730511
0.000657059
1.000000000
0.087296275
1.000000000
0.309755180
0.838909057
1.000000000
1.000000000
1.000000000
0.881698455
1.000000000
1.000000000
0.805470754
1.000000000
1.000000000
0.632963226
1.000000000
1.000000000
0.032600309
1.000000000
1.000000000
0.999616864
1.000000000
0.201397923
1.000000000
0.942075386
1.000000000
1.000000000
0.990260146
0.366428610
1.000000000
0.113987953
0.999194766
0.986914391
0.788362412
0.092210635
1.000000000
1.000000000
0.151349799
1.000000000
1.000000000
0.697670289
1.000000000
0.476470803
1.000000000
0.999073534
0.633318291
0.192880926
0.000456871
1.000000000
1.000000000
0.003994346
1.000000000
1.000000000
0.882469453
0.992450915
0.506790555
0.932591610
1.000000000
1.000000000
0.006807405
1.000000000
0.518701227
0.772472953
1.000000000
0.798470931
0.997186470
1.000000000
0.117937878
1.000000000
0.244611563
1.000000000
0.345259622
0.001365586
0.888945163
0.582629424
1.000000000
1.000000000
1.000000000
1.000000000
0.581234900
0.087159979
0.059845775
0.479778503
0.815189623
0.328154594
0.047741799
0.746963639
1.000000000
0.497409695
0.448190259
0.694529012
1.000000000
1.000000000
0.105116293
1.000000000
1.000000000
1.000000000
0.284231978
0.000854231
0.984146043
0.905114886
0.820940235
1.000000000
1.000000000
1.000000000
1.000000000
0.834526890
0.762420348
0.002471898
0.255578077
0.429376285
0.648703189
0.047792734
0.457360103
1.000000000
0.999000359
1.000000000
0.425757185
1.000000000
1.000000000
0.586064347
0.969092416
0.848678696
0.905646029
0.791921818
0.059621486
0.555939082
0.997034730
0.151158575
1.000000000
1.000000000
1.000000000
0.876932574
1.000000000
1.000000000
1.000000000
1.000000000
0.122498472
0.524825951
0.216559668
1.000000000
0.998107702
0.983665228
1.000000000
0.667950234
0.032564884
0.140233282
1.000000000
0.999118607
0.053062679
1.000000000
0.041878974
1.000000000
1.000000000
1.000000000
0.840524970
0.970464142
0.998963397
0.999496437
0.994064069
0.100636910
0.002234189
1.000000000
1.000000000
1.000000000
1.000000000
0.091546488
0.363344172
0.312667801
0.264691133
1.000000000
1.000000000
0.953123919
1.000000000
1.000000000
0.875531528
1.000000000
0.003775961
0.813677914
1.000000000
1.000000000
0.304325118
0.685097978
0.009223015
0.000093727
1.000000000
1.000000000
1.000000000
0.997420475
0.650274984
1.000000000
0.023429659
0.999456563
0.979828419
1.000000000
0.515109346
1.000000000
0.500354909
0.000049728
1.000000000
0.071102204
0.007904966
1.000000000
0.461033196
0.018254043
1.000000000
1.000000000
1.000000000
0.868773920
0.202345322
0.008795184
0.979672297
0.040332000
1.000000000
1.000000000
1.000000000
0.937012765
0.635268639
1.000000000
0.000015333
0.797557966
1.000000000
1.000000000
0.960251181
1.000000000
0.416262828
1.000000000
1.000000000
1.000000000
0.224525858
1.000000000
0.872348698
1.000000000
0.985636520
1.000000000
0.957943982
0.989273800
1.000000000
1.000000000
0.763185023
0.911582129
0.566508303
1.000000000
1.000000000
1.000000000
1.000000000
0.643037986
0.951171119
0.969664538
1.000000000
0.746435990
0.804836669
0.971712805
0.010012937
1.000000000
1.000000000
0.447291521
1.000000000
1.000000000
0.009385736
0.904430921
0.999998802
0.001813005
1.000000000
0.006206892
0.009308673
0.989293189
1.000000000
1.000000000
0.002447156
1.000000000
1.000000000
1.000000000
1.000000000
0.556823871
0.028695296
0.333165423
0.925453654
1.000000000
1.000000000
1.000000000
0.999821974
1.000000000
0.540364140
0.796357673
1.000000000
0.028455459
0.001523709
0.884832594
1.000000000
1.000000000
0.005084462
1.000000000
0.632087497
0.019832695
1.000000000
1.000000000
0.032502716
0.996288024
0.993658869
0.123396169
1.000000000
1.000000000
1.000000000
0.985755190
1.000000000
1.000000000
0.500000000
1.000000000
0.643114723
0.107188760
0.996263035
0.506887074
0.038468200
1.000000000
0.106253953
1.000000000
1.000000000
0.999529401
0.988916499
1.000000000
0.810205396
1.000000000
1.000000000
1.000000000
1.000000000
1.000000000
0.998130480
0.000000000
0.912540048
0.112923034
1.000000000
1.000000000
1.000000000
0.933928253
1.000000000
1.000000000
1.000000000
1.000000000
0.540795221
1.000000000
0.340419730
1.000000000
1.000000000
1.000000000
0.136946047
0.012103874
0.898757547
1.000000000
1.000000000
1.000000000
0.255030121
1.000000000
0.847270789
0.000002805
1.000000000
1.000000000
0.999834577
1.000000000
0.031289740
1.000000000
1.000000000
1.000000000
0.980935563
0.964499185
0.677850168
1.000000000
0.008255082
1.000000000
1.000000000
1.000000000
0.459479263
1.000000000
1.000000000
1.000000000
0.816982649
0.953845913
0.008266559
0.534312901
0.999974815
1.000000000
1.000000000
0.008139435
0.999464235
0.113385543
0.000121816
1.000000000
1.000000000
1.000000000
0.657158149
0.318184571
1.000000000
1.000000000
0.000008297
1.000000000
0.973224959
1.000000000
0.944009473
0.482661309
0.526152895
1.000000000
1.000000000
0.635340315
0.999563720
1.000000000
1.000000000
1.000000000
1.000000000
0.100290417
1.000000000
0.003678686
0.520081181
0.192721348
1.000000000
1.000000000
1.000000000
0.689305367
1.000000000
0.000210529
0.748556941
0.004440665
0.602075856
0.067884708
0.600187152
0.288948986
1.000000000
0.025245828
1.000000000
0.074531597
1.000000000
0.000000000
1.000000000
1.000000000
0.010558607
1.000000000
1.000000000
1.000000000
0.141575132
1.000000000
0.818218363
1.000000000
1.000000000
1.000000000
0.426321067
1.000000000
0.001390987
0.986984312
0.601862229
0.945423970
0.432222222
1.000000000
0.242838406
0.760608897
0.929666288
0.322782117
1.000000000
0.706488751
0.020386288
0.173008277
0.430791260
1.000000000
1.000000000
1.000000000
0.798553422
0.890808359
0.886244711
0.695501970
1.000000000
1.000000000
1.000000000
0.810562323
1.000000000
0.815164166
0.967488396
0.668448938
1.000000000
1.000000000
1.000000000
0.513191554
1.000000000
1.000000000
0.991503314
0.602166841
0.148694414
1.000000000
1.000000000
0.721436708
1.000000000
0.873555048
0.148962612
1.000000000
0.228312292
1.000000000
0.089425773
1.000000000
0.541756342
1.000000000
1.000000000
1.000000000
1.000000000
1.000000000
1.000000000
0.999985680
0.996702195
0.049603634
1.000000000
1.000000000
0.757136832
0.880731978
1.000000000
0.980993140
0.008784956
1.000000000
0.126778094
0.338176955
1.000000000
0.000005086
1.000000000
1.000000000
0.965744253
0.627368740
1.000000000
0.848682322
0.319398686
0.402257666
1.000000000
0.163502419
0.437219000
1.000000000
0.005195286
0.901075844
1.000000000
0.100316692
0.646981818
0.000002539
1.000000000
1.000000000
1.000000000
1.000000000
1.000000000
0.938378990
0.062369064
1.000000000
1.000000000
0.957743803
0.940205980
1.000000000
1.000000000
0.111416422
0.999984750
0.432884006
0.003873231
1.000000000
0.382341048
1.000000000
0.166766659
0.766315552
1.000000000
0.864572880
0.661721652
1.000000000
1.000000000
1.000000000
0.479512858
0.091526490
1.000000000
1.000000000
0.130437646
1.000000000
0.223754369
1.000000000
0.329720888
1.000000000
1.000000000
0.556003047
0.155313397
0.716106731
0.999192203
0.893127267
0.821606829
1.000000000
0.765433971
0.608696762
0.000000973
0.938909375
0.020925231
1.000000000
1.000000000
0.204051413
1.000000000
1.000000000
0.021184261
1.000000000
0.564297928
1.000000000
0.999995863
0.122330865
0.000000000
1.000000000
0.722521623
1.000000000
0.000399587
1.000000000
0.777412353
0.688832266
1.000000000
0.938363908
0.890405631
1.000000000
0.988943420
0.012938658
1.000000000
0.835711347
1.000000000
1.000000000
1.000000000
0.446422675
0.010512953
1.000000000
1.000000000
0.997006311
0.999986503
1.000000000
0.991283623
0.010552011
0.993085868
1.000000000
1.000000000
0.868156159
0.067382051
1.000000000
1.000000000
0.778129502
0.720276181
0.768828314
0.768777583
1.000000000
0.532994115
0.819323068
0.143676441
0.904352675
0.599325790
0.979821062
1.000000000
0.447635077
1.000000000
0.000000000
1.000000000
0.851743658
0.491120679
0.371775318
0.987389310
0.738588563
0.248483837
0.999951022
0.949030656
0.467593657
0.043430727
0.329949963
0.988917992
0.402776669
0.995979993
1.000000000
1.000000000
0.936495912
0.251942223
1.000000000
1.000000000
0.002444397
1.000000000
0.001084232
1.000000000
0.851026502
1.000000000
1.000000000
0.453731862
1.000000000
1.000000000
1.000000000
0.055550990
1.000000000
0.000000000
0.874957111
1.000000000
1.000000000
1.000000000
1.000000000
0.747665344
0.953238022
1.000000000
1.000000000
1.000000000
0.000278444
0.663115938
0.341488501
1.000000000
0.332769607
0.779513765
0.753377369
1.000000000
1.000000000
0.991817050
1.000000000
1.000000000
0.089230171
1.000000000
1.000000000
0.723696487
1.000000000
1.000000000
1.000000000
1.000000000
1.000000000
1.000000000
0.340957313
1.000000000
1.000000000
0.777752588
1.000000000
1.000000000
1.000000000
0.999973812
1.000000000
0.985519704
0.930403424
1.000000000
1.000000000
1.000000000
1.000000000
1.000000000
0.960661697
0.197103406
0.579529928
1.000000000
0.245837971
0.996802785
1.000000000
0.018315786
0.005083232
0.996068999
0.000000000
0.470925629
1.000000000
0.625473504
0.919324266
0.002498303
0.430700495
1.000000000
1.000000000
0.960119593
0.019589608
0.498386908
0.762788794
1.000000000
1.000000000
1.000000000
0.553441204
1.000000000
0.978804993
0.465558134
0.632704539
0.135738285
0.979659444
0.711963838
0.865196388
1.000000000
1.000000000
0.814410475
1.000000000
1.000000000
0.296227686
0.664790014
1.000000000
1.000000000
1.000000000
0.998846456
1.000000000
1.000000000
0.991668980
0.997114129
0.006712088
1.000000000
1.000000000
1.000000000
1.000000000
1.000000000
0.840304703
1.000000000
1.000000000
0.020042389
0.978278896
0.171632105
0.819722298
1.000000000
0.998744290
1.000000000
1.000000000
1.000000000
0.304767219
0.970270669
1.000000000
0.666428195
0.000000000
1.000000000
1.000000000
0.986186038
1.000000000
0.773417022
0.883464970
1.000000000
1.000000000
0.147998408
0.960633286
1.000000000
0.009061831
1.000000000
1.000000000
0.612493241
1.000000000
0.980238483
0.512783532
1.000000000
0.824243494
0.777124298
0.333288501
0.973989190
1.000000000
0.125000000
0.000349217
0.076526468
1.000000000
0.248993381
0.826216002
0.918055676
1.000000000
0.891587805
1.000000000
0.679727082
1.000000000
0.044246336
0.978122546
0.982780134
1.000000000
0.000032050
1.000000000
1.000000000
1.000000000
1.000000000
1.000000000
0.551907093
0.133649498
0.266125845
0.007932337
0.012875373
0.581078356
0.989766575
0.065213351
0.734543615
0.999076261
0.200158628
1.000000000
0.120096328
0.785351959
0.970000893
0.615026909
1.000000000
0.941846279
1.000000000
0.002524837
0.925172719
0.047792734
1.000000000
0.993723624
0.929737560
0.760890955
0.563326205
0.455081970
0.998862613
0.053822157
1.000000000
0.921878647
1.000000000
0.783592108
1.000000000
1.000000000
1.000000000
1.000000000
0.040665421
0.850853302
0.900021092
0.088015435
1.000000000
1.000000000
0.909071488
0.997459222
0.865125091
1.000000000
0.878510249
0.997437869
0.953290658
1.000000000
1.000000000
1.000000000
1.000000000
1.000000000
1.000000000
1.000000000
0.357634131
1.000000000
0.225095120
0.448482270
0.566633286
1.000000000
1.000000000
0.056903635
0.784419089
0.999962899
0.423904115
0.802541484
1.000000000
0.874410823
0.062646184
1.000000000
0.363039009
0.999962891
0.054664604
0.158516283
0.347343445
0.458542555
1.000000000
0.015305968
0.848666454
0.001360818
1.000000000
0.800953027
1.000000000
1.000000000
0.500000000
0.002201227
0.999266332
0.878991446
1.000000000
0.996765645
0.001157483
0.916800465
0.659465725
0.622540487
1.000000000
1.000000000
0.603721507
1.000000000
1.000000000
1.000000000
0.043575897
0.000028069
0.856899741
1.000000000
1.000000000
1.000000000
1.000000000
1.000000000
1.000000000
0.996774009
0.856707155
0.012875373
0.503440994
1.000000000
1.000000000
0.444090477
1.000000000
0.776479702
0.581003048
0.044928052
0.984296553
1.000000000
1.000000000
0.000000000
1.000000000
0.605559360
0.670289312
0.833018778
1.000000000
0.084909677
0.000002780
0.830018287
0.983580089
1.000000000
0.691696435
1.000000000
1.000000000
1.000000000
0.618835933
1.000000000
0.563573154
1.000000000
0.986016553
1.000000000
1.000000000
1.000000000
0.282716799
0.467000613
0.798505584
0.020547473
0.869596297
0.810442985
1.000000000
0.188962284
1.000000000
1.000000000
0.058856142
0.052463361
0.831281540
0.657030234
0.196495777
1.000000000
0.374814815
0.885270485
1.000000000
0.988635859
0.001741585
0.998366854
1.000000000
0.993890904
0.005964240
0.003722124
0.533281122
1.000000000
0.003614538
1.000000000
1.000000000
0.999956241
0.401162231
1.000000000
0.200832028
0.707375751
1.000000000
1.000000000
1.000000000
1.000000000
0.734040939
0.237003485
0.762097156
1.000000000
1.000000000
1.000000000
1.000000000
0.317679708
1.000000000
0.678131006
1.000000000
0.382950323
0.958737406
0.616991991
1.000000000
0.948572055
0.046601479
0.966700200
0.682534376
1.000000000
0.743653902
0.020608144
1.000000000
1.000000000
0.990641137
0.757721149
0.368143705
0.045573541
0.661760129
1.000000000
0.658994220
1.000000000
0.098175579
1.000000000
1.000000000
1.000000000
0.996213856
0.334428831
0.961395557
0.999660547
0.999530703
1.000000000
1.000000000
0.012931024
1.000000000
1.000000000
0.651392920
1.000000000
1.000000000
1.000000000
1.000000000
1.000000000
1.000000000
1.000000000
0.996105048
1.000000000
1.000000000
0.773137082
0.828154443
1.000000000
0.087552864
0.095051063
1.000000000
0.500000000
1.000000000
0.417850068
1.000000000
0.981304575
1.000000000
1.000000000
0.291941023
1.000000000
1.000000000
0.854556960
1.000000000
1.000000000
0.575169713
0.371348068
0.993074542
1.000000000
1.000000000
0.020309792
1.000000000
1.000000000
1.000000000
0.102503973
1.000000000
0.074754269
0.998162065
0.989225883
1.000000000
1.000000000
0.210234150
0.681686307
0.011236347
0.517662462
0.924241253
0.357206268
1.000000000
1.000000000
0.981992364
0.002097002
0.145404090
0.009372572
0.985476029
0.513033587
0.088332049
0.781356575
0.999199266
1.000000000
0.982735618
0.000740258
1.000000000
0.471684568
1.000000000
1.000000000
0.025096527
1.000000000
0.308125177
0.643948139
1.000000000
1.000000000
0.122135042
1.000000000
0.944402676
1.000000000
0.228554018
0.769491464
0.999998589
0.028722711
0.939271454
1.000000000
0.649938040
0.908395995
0.063088163
1.000000000
1.000000000
0.616923320
0.949117375
1.000000000
0.873396169
1.000000000
0.005278828
0.018291007
0.008735574
0.997231390
1.000000000
0.986065104
1.000000000
0.996801941
1.000000000
1.000000000
1.000000000
1.000000000
1.000000000
0.736623385
1.000000000
0.480899543
1.000000000
0.000021017
1.000000000
1.000000000
1.000000000
0.965513371
0.989820995
0.071271457
0.529420844
0.075000065
0.970127122
0.025587828
1.000000000
0.000981951
0.246871323
0.991837533
0.703703297
0.944153739
1.000000000
1.000000000
1.000000000
1.000000000
0.012396725
0.223292087
0.840575085
0.645139350
1.000000000
0.943726191
0.009484021
0.271829608
0.878145552
0.889982024
0.000005949
1.000000000
1.000000000
1.000000000
1.000000000
0.992382469
1.000000000
1.000000000
1.000000000
0.873049874
1.000000000
0.998840902
1.000000000
1.000000000
1.000000000
0.219991248
0.073688180
1.000000000
0.960108854
0.997401719
0.012292876
1.000000000
1.000000000
0.991757140
0.376810429
1.000000000
1.000000000
1.000000000
0.996822116
0.232556510
1.000000000
1.000000000
0.072762691
0.048327412
0.961113630
0.423105209
1.000000000
1.000000000
1.000000000
0.996059053
0.997589109
0.331624968
1.000000000
0.965568266
1.000000000
0.125700853
0.999066856
0.961855384
0.469894595
0.238242859
0.091104391
1.000000000
0.856040404
0.578813659
1.000000000
1.000000000
0.042873092
1.000000000
0.575546912
0.458590568
0.658970724
0.655816865
0.985085905
0.979224763
1.000000000
1.000000000
0.870611573
1.000000000
0.798816512
0.094095485
1.000000000
0.224553537
0.981208435
1.000000000
0.988357361
0.000015574
1.000000000
1.000000000
1.000000000
1.000000000
1.000000000
1.000000000
1.000000000
1.000000000
1.000000000
0.000000000
0.960657914
1.000000000
1.000000000
0.169645988
0.654720499
0.996871950
0.774410263
0.022874910
1.000000000
1.000000000
1.000000000
1.000000000
1.000000000
1.000000000
0.931433007
1.000000000
0.102059518
1.000000000
1.000000000
1.000000000
1.000000000
0.999888623
1.000000000
0.981445432
0.475846287
0.861031988
0.656741337
0.032624796
0.998023561
1.000000000
0.259042147
1.000000000
0.412965890
0.001129759
0.995199473
0.000389877
0.927785898
0.991270894
1.000000000
1.000000000
1.000000000
0.496088571
1.000000000
0.741471117
1.000000000
1.000000000
0.348818037
1.000000000
0.585808578
0.267306056
1.000000000
0.459898296
0.984800458
0.169373953
1.000000000
0.005100511
1.000000000
1.000000000
0.328916156
0.963505531
0.011423010
0.136676351
1.000000000
0.977704008
1.000000000
0.998791122
0.057149334
0.663819832
1.000000000
0.968735139
0.678150860
0.975026046
0.031770436
1.000000000
1.000000000
1.000000000
0.531048129
0.257572689
1.000000000
0.147910497
1.000000000
1.000000000
0.963968475
0.994838518
0.004241282
0.891938326
0.934712202
0.759010328
0.434953732
1.000000000
0.791352953
0.392898253
1.000000000
0.980059496
1.000000000
0.141852217
1.000000000
0.457845747
1.000000000
1.000000000
1.000000000
1.000000000
0.460237171
0.007379174
0.354221313
1.000000000
0.880435044
0.353799546
1.000000000
1.000000000
1.000000000
0.318708426
1.000000000
0.000111315
0.136851818
1.000000000
0.018980881
1.000000000
0.306665439
1.000000000
0.651948360
0.952811554
0.039958946
1.000000000
0.849716511
1.000000000
1.000000000
0.968629985
1.000000000
0.957677519
1.000000000
0.133110681
0.282447470
1.000000000
0.742980587
1.000000000
0.115085321
0.172083062
0.423401036
0.058400940
0.809814648
1.000000000
1.000000000
0.173221673
1.000000000
1.000000000
0.000191524
1.000000000
0.020500000
1.000000000
0.002645504
1.000000000
1.000000000
1.000000000
1.000000000
1.000000000
1.000000000
1.000000000
0.997953603
1.000000000
1.000000000
0.012920276
1.000000000
1.000000000
0.576158215
0.707881166
1.000000000
1.000000000
1.000000000
1.000000000
1.000000000
0.898918631
0.398041234
0.978916842
1.000000000
1.000000000
1.000000000
0.093518199
1.000000000
1.000000000
1.000000000
0.701331827
0.963567606
1.000000000
1.000000000
1.000000000
1.000000000
1.000000000
0.101956254
1.000000000
1.000000000
0.006925458
0.984917422
1.000000000
0.431007224
1.000000000
0.059933540
1.000000000
1.000000000
0.035668932
0.501215916
0.008801642
1.000000000
0.994846469
1.000000000
0.132134762
1.000000000
1.000000000
0.989705556
1.000000000
0.004958427
0.054932251
0.065081302
0.407116432
0.569691107
1.000000000
0.975583024
0.762230943
0.164470699
0.621807419
0.349217097
1.000000000
0.931566182
0.081802387
0.003794284
1.000000000
0.985785365
1.000000000
0.907342796
1.000000000
0.952493663
1.000000000
0.000010379
0.998720782
0.805213300
0.667895389
1.000000000
0.946855486
0.917903414
1.000000000
1.000000000
0.477952554
1.000000000
0.992244593
0.429216597
0.070641065
1.000000000
1.000000000
0.619703895
1.000000000
0.350457545
1.000000000
0.485543799
1.000000000
1.000000000
0.402046596
1.000000000
0.000000259
1.000000000
1.000000000
1.000000000
1.000000000
0.959438079
1.000000000
1.000000000
1.000000000
0.067632822
0.990657499
0.695373494
1.000000000
1.000000000
0.295003805
0.743933923
0.999990222
0.967964675
1.000000000
1.000000000
0.996729034
0.999899585
1.000000000
1.000000000
0.001972932
1.000000000
1.000000000
0.000000000
1.000000000
0.997896808
1.000000000
1.000000000
1.000000000
0.999728548
0.711255977
0.898997904
0.508093615
1.000000000
0.988933479
1.000000000
1.000000000
0.991921198
1.000000000
0.989234820
0.401329335
0.117220435
1.000000000
0.998905605
1.000000000
0.004033666
1.000000000
1.000000000
1.000000000
0.477751246
1.000000000
0.581068679
1.000000000
1.000000000
0.951638777
0.000009976
0.000051224
1.000000000
1.000000000
0.666866557
0.988256082
0.949995795
0.868266861
1.000000000
1.000000000
0.448297605
0.269073494
0.440392798
0.008804990
0.600810024
1.000000000
0.989329575
0.737893519
0.941907355
1.000000000
0.277641750
0.000033350
1.000000000
0.234208021
0.916044119
0.566508303
1.000000000
0.062399993
0.322053992
1.000000000
0.976219823
0.785947744
1.000000000
0.757971443
1.000000000
0.016201753
0.855315508
1.000000000
0.056215422
0.953452242
0.871153650
0.183646098
0.336957431
1.000000000
0.997414956
0.000284241
0.666752000
0.179527302
1.000000000
1.000000000
0.003408701
1.000000000
1.000000000
0.289607148
1.000000000
0.291764065
0.193001825
0.710681907
0.991057039
0.804569397
1.000000000
0.224778937
1.000000000
0.716112619
0.389111806
0.944588999
0.993867695
1.000000000
1.000000000
1.000000000
0.546898856
1.000000000
0.998951764
0.851185869
0.887048154
0.000239973
1.000000000
1.000000000
0.994414666
0.047521371
0.138853435
0.434882089
1.000000000
1.000000000
1.000000000
0.641631897
1.000000000
1.000000000
1.000000000
1.000000000
1.000000000
1.000000000
0.997141391
1.000000000
0.886778635
0.004102415
0.113169912
1.000000000
0.997955054
0.082521638
0.997093198
0.785039111
0.995816177
1.000000000
0.181219401
1.000000000
1.000000000
1.000000000
1.000000000
1.000000000
0.090371850
0.559773356
0.023977111
0.770617035
1.000000000
0.044640875
0.472823487
0.999925256
0.998173336
1.000000000
0.000001803
0.952584559
0.985054578
1.000000000
0.000134568
1.000000000
1.000000000
0.082414546
0.229509098
1.000000000
1.000000000
0.089364945
0.518066814
1.000000000
1.000000000
1.000000000
1.000000000
1.000000000
1.000000000
0.270100932
1.000000000
0.447684975
0.817045592
1.000000000
1.000000000
1.000000000
1.000000000
0.969801201
1.000000000
0.049003083
0.390059380
1.000000000
0.763501600
0.997118777
0.001918259
1.000000000
1.000000000
0.998778249
0.640150892
0.000584546
0.500000000
1.000000000
0.000735059
0.877201372
1.000000000
0.500000000
1.000000000
0.022325353
0.410919996
0.436056184
0.053126246
1.000000000
1.000000000
0.001853346
1.000000000
0.398501678
0.035453645
0.950162336
0.026464758
0.003783899
0.672077881
0.221171942
1.000000000
1.000000000
0.794986217
0.540795215
1.000000000
0.025934718
1.000000000
0.973346304
0.897829592
0.985154473
0.244880565
0.564920023
0.874917311
1.000000000
0.987628327
0.544378647
1.000000000
0.335349224
0.471824651
0.334710221
0.875089434
0.531326593
1.000000000
1.000000000
1.000000000
1.000000000
1.000000000
1.000000000
0.001256052
1.000000000
0.973858398
0.216147822
0.475528181
1.000000000
1.000000000
0.781512844
1.000000000
1.000000000
1.000000000
0.973213606
1.000000000
0.082257863
1.000000000
1.000000000
1.000000000
1.000000000
1.000000000
0.999892871
0.416757871
1.000000000
0.998303557
0.995145096
1.000000000
0.521743335
1.000000000
1.000000000
1.000000000
1.000000000
1.000000000
1.000000000
0.899336482
1.000000000
0.534333733
1.000000000
0.431889379
0.005794534
0.993180282
1.000000000
0.971948548
1.000000000
0.276093932
0.055962167
0.999977811
0.138964814
0.914878814
0.999952584
1.000000000
0.158682795
1.000000000
0.896655929
1.000000000
1.000000000
0.931671300
1.000000000
1.000000000
1.000000000
0.973998082
0.954720040
0.919377069
1.000000000
0.581335327
0.971539792
0.999735803
1.000000000
0.240574489
1.000000000
0.985027585
1.000000000
0.552582189
1.000000000
1.000000000
0.005433345
1.000000000
0.176242147
1.000000000
0.827820505
0.996705182
0.566079696
1.000000000
1.000000000
1.000000000
1.000000000
0.915194088
1.000000000
1.000000000
0.820165264
0.583380130
1.000000000
1.000000000
1.000000000
1.000000000
0.998470827
1.000000000
1.000000000
0.868867990
0.433141887
1.000000000
1.000000000
1.000000000
0.004133980
0.005680486
0.050108217
1.000000000
1.000000000
1.000000000
1.000000000
0.005585836
1.000000000
0.996811894
1.000000000
0.922145049
0.069989963
0.550564055
0.482110509
0.998054048
0.880320437
1.000000000
0.653098004
0.859827138
1.000000000
1.000000000
1.000000000
0.033599199
0.890101325
1.000000000
0.999985350
1.000000000
0.996068329
1.000000000
1.000000000
0.999993980
0.921658723
0.967901674
0.706656261
0.280385389
0.016268912
1.000000000
1.000000000
1.000000000
1.000000000
1.000000000
1.000000000
1.000000000
0.991893340
1.000000000
1.000000000
0.129438842
1.000000000
0.692944931
0.863566912
1.000000000
0.123275933
1.000000000
1.000000000
0.182055293
1.000000000
1.000000000
0.820734384
1.000000000
1.000000000
1.000000000
0.842182501
0.000000000
0.998205253
1.000000000
1.000000000
0.107334816
1.000000000
0.035731062
1.000000000
0.704843598
0.597653012
1.000000000
0.005306963
0.266671636
1.000000000
0.671698884
1.000000000
1.000000000
1.000000000
0.329125271
0.925161097
0.986060189
1.000000000
0.845641322
0.547526299
0.804429083
1.000000000
0.634359815
0.566271426
0.930474383
1.000000000
0.007607415
0.002595801
1.000000000
1.000000000
1.000000000
0.999928327
1.000000000
0.976244649
0.016743585
0.138082523
0.127634406
0.887703001
0.219117300
1.000000000
0.755467690
0.305845015
0.777267982
1.000000000
1.000000000
1.000000000
0.897260316
1.000000000
0.004146681
1.000000000
0.859002915
0.991373918
1.000000000
1.000000000
1.000000000
1.000000000
1.000000000
0.996846508
0.105750690
1.000000000
1.000000000
0.996855792
0.385521387
1.000000000
0.555654237
0.935283429
0.947937444
0.051615877
0.997143398
0.364565980
1.000000000
0.992424396
0.790253398
1.000000000
0.999768094
0.916291121
1.000000000
0.720634217
1.000000000
1.000000000
0.171890631
0.332682845
1.000000000
0.000920482
0.179792266
0.473568263
1.000000000
0.610647807
0.482012648
0.358371626
0.994110089
1.000000000
0.007646575
0.765528564
1.000000000
0.864055461
1.000000000
1.000000000
1.000000000
1.000000000
1.000000000
0.020871132
0.955718495
0.000209506
1.000000000
0.756428356
1.000000000
1.000000000
1.000000000
1.000000000
1.000000000
0.997821734
1.000000000
1.000000000
1.000000000
0.184212584
1.000000000
0.999920467
0.832477687
1.000000000
0.063646231
0.760045702
0.011330860
0.503433401
1.000000000
0.525759637
0.869500071
1.000000000
0.820186756
0.000291182
1.000000000
1.000000000
0.925807022
0.375237457
1.000000000
1.000000000
0.911132512
1.000000000
1.000000000
0.025568316
0.010186726
1.000000000
0.427999766
1.000000000
0.558120073
1.000000000
0.459248935
1.000000000
0.659302727
1.000000000
1.000000000
1.000000000
0.980443634
0.812127822
1.000000000
0.288018556
0.415734964
0.017405339
0.006958045
1.000000000
1.000000000
1.000000000
0.995764382
0.847063854
0.913299136
1.000000000
1.000000000
0.558414600
0.637918543
0.019096027
0.999591403
0.352265373
1.000000000
1.000000000
0.001304883
0.098022404
0.958629727
0.131651269
0.413110425
0.240494941
0.657401774
1.000000000
1.000000000
1.000000000
0.478079686
0.489684837
0.000211151
1.000000000
1.000000000
0.848661909
0.166779802
0.637812821
1.000000000
0.547852381
1.000000000
0.000006454
0.019635665
1.000000000
1.000000000
0.885371519
1.000000000
0.018173693
0.999907709
1.000000000
1.000000000
1.000000000
0.154860729
0.508089848
0.752206056
1.000000000
1.000000000
0.803857689
0.377477690
0.821008083
1.000000000
0.978968847
0.927794291
1.000000000
0.062835390
1.000000000
0.007340149
0.830075151
0.041890615
0.089070625
1.000000000
0.996764954
1.000000000
1.000000000
0.125192718
0.993499852
0.804781475
1.000000000
0.998426975
1.000000000
1.000000000
1.000000000
0.008657134
1.000000000
0.933016325
0.998550052
0.498422127
0.120301917
1.000000000
0.004231031
0.833469893
1.000000000
1.000000000
1.000000000
0.312901836
1.000000000
0.746017245
1.000000000
0.687779837
0.731702687
0.089535208
1.000000000
0.000215252
1.000000000
0.252436168
0.025746093
0.001063704
1.000000000
1.000000000
1.000000000
0.651180150
0.997858475
0.882480013
0.259843092
1.000000000
1.000000000
0.985611461
1.000000000
1.000000000
1.000000000
1.000000000
0.998319161
0.862688349
1.000000000
1.000000000
1.000000000
0.880873607
1.000000000
1.000000000
0.997258801
0.865862993
1.000000000
0.639553913
0.200533743
0.999881191
0.025867993
0.023042899
0.526419436
1.000000000
0.555286465
0.891412850
0.753228609
1.000000000
1.000000000
0.086643057
0.999816472
1.000000000
0.461161974
0.328307093
1.000000000
1.000000000
0.681239139
0.999858594
0.046982269
1.000000000
1.000000000
1.000000000
0.083017580
1.000000000
0.895917069
0.000285511
1.000000000
0.006475253
1.000000000
1.000000000
1.000000000
1.000000000
0.996702577
0.737200125
0.964054075
0.085375999
0.247762901
0.610737174
1.000000000
0.957777563
1.000000000
0.002019256
0.971030224
0.146279214
0.026631472
1.000000000
1.000000000
1.000000000
0.983525903
0.429808272
0.850065065
0.040824792
1.000000000
0.992258567
1.000000000
0.008079055
1.000000000
1.000000000
1.000000000
1.000000000
1.000000000
1.000000000
0.312902381
0.049990647
0.971767716
0.020669974
1.000000000
0.047174070
0.970716693
0.300837617
1.000000000
0.814708504
0.972208247
0.717549304
1.000000000
1.000000000
1.000000000
1.000000000
1.000000000
1.000000000
0.658015747
0.043107277
0.999264313
1.000000000
1.000000000
0.964520079
1.000000000
1.000000000
1.000000000
0.016209737
0.743066938
0.030192626
1.000000000
1.000000000
1.000000000
1.000000000
0.002102012
0.254189278
1.000000000
0.718544742
1.000000000
0.893845845
1.000000000
0.000000000
0.468303700
0.806749190
0.995123924
0.746630599
1.000000000
0.873732251
0.183949701
1.000000000
0.998617061
0.183842581
0.456417503
0.676765417
1.000000000
0.036075508
1.000000000
0.005143308
0.378420964
1.000000000
1.000000000
1.000000000
0.977794363
0.711387421
1.000000000
0.511369733
1.000000000
0.000194178
1.000000000
1.000000000
0.445652584
1.000000000
0.629568247
0.999990869
1.000000000
0.439194214
0.000098366
0.367480445
0.505118668
0.056085348
0.798241785
0.545502234
1.000000000
1.000000000
0.002640940
1.000000000
1.000000000
0.000417394
1.000000000
0.026552256
0.991349935
0.710214152
1.000000000
1.000000000
0.023593326
1.000000000
1.000000000
0.787008019
1.000000000
1.000000000
1.000000000
0.007950925
0.979615515
0.463974383
1.000000000
0.810563828
1.000000000
1.000000000
0.008768239
0.999048589
0.180271106
0.007516164
1.000000000
0.136146742
0.585786630
0.687322972
0.999395754
0.313922644
1.000000000
0.148406577
0.988432266
0.176242147
1.000000000
1.000000000
0.468903299
1.000000000
1.000000000
1.000000000
1.000000000
1.000000000
1.000000000
0.413988520
0.540206269
1.000000000
1.000000000
0.485332614
1.000000000
1.000000000
0.844223541
1.000000000
0.999683298
0.066468096
0.109183978
0.818816530
1.000000000
0.094173229
1.000000000
1.000000000
0.097345800
0.007541026
1.000000000
0.001585753
1.000000000
0.110224184
0.990256055
0.999996837
0.548268991
1.000000000
1.000000000
1.000000000
0.393887367
1.000000000
1.000000000
0.000001419
1.000000000
1.000000000
0.063590443
0.947833128
1.000000000
0.859156039
0.209986831
1.000000000
1.000000000
0.046331343
1.000000000
0.530767124
0.359010531
1.000000000
0.981016445
0.723063592
0.759652949
1.000000000
0.893836471
0.263373499
1.000000000
1.000000000
0.796414652
1.000000000
1.000000000
1.000000000
1.000000000
1.000000000
1.000000000
1.000000000
1.000000000
1.000000000
0.939796088
0.033819285
0.992803928
0.013918688
0.839354667
1.000000000
1.000000000
1.000000000
0.001326217
0.009041592
1.000000000
0.944673511
0.382024116
0.960892908
1.000000000
0.013154006
0.048524918
0.868824984
0.255887894
0.989591462
1.000000000
0.580728242
1.000000000
1.000000000
0.999955720
0.925120931
0.988339859
0.743968625
0.997174181
1.000000000
0.866003836
0.725052566
1.000000000
1.000000000
1.000000000
1.000000000
1.000000000
0.999326091
0.894443160
1.000000000
1.000000000
0.786274654
0.996426386
0.967382299
1.000000000
0.712987985
0.999795335
1.000000000
0.940430153
1.000000000
0.678408614
0.988818814
0.635970160
1.000000000
1.000000000
1.000000000
1.000000000
1.000000000
0.010672099
1.000000000
1.000000000
0.977227072
0.958862179
0.003171700
0.566615857
1.000000000
1.000000000
1.000000000
1.000000000
0.993211204
1.000000000
0.486090491
1.000000000
1.000000000
0.221956357
1.000000000
1.000000000
1.000000000
1.000000000
1.000000000
0.920161288
0.385280153
1.000000000
1.000000000
0.722932928
0.610033773
1.000000000
1.000000000
0.999998813
0.161683472
1.000000000
0.005300002
1.000000000
1.000000000
0.772556571
1.000000000
1.000000000
1.000000000
0.882167750
0.748040332
0.884693335
1.000000000
1.000000000
1.000000000
1.000000000
1.000000000
0.999602679
0.010420585
1.000000000
1.000000000
0.074010381
1.000000000
0.405036520
0.496594488
1.000000000
0.828017088
1.000000000
0.547408222
1.000000000
0.996518760
0.820092799
1.000000000
0.212769797
1.000000000
1.000000000
0.000341466
0.002906537
1.000000000
1.000000000
0.107205553
0.717362519
0.125234599
0.996871064
1.000000000
1.000000000
0.268393493
0.189800376
0.254429281
0.968990201
1.000000000
0.789233876
0.999990222
1.000000000
1.000000000
1.000000000
1.000000000
1.000000000
1.000000000
1.000000000
0.226980669
1.000000000
0.022690018
0.000703428
0.000993342
1.000000000
0.782411288
0.000043486
0.519512065
1.000000000
0.016665984
0.102079764
1.000000000
1.000000000
1.000000000
0.981010132
0.590991793
0.810413780
0.222581572
1.000000000
1.000000000
0.999981289
1.000000000
0.075067508
1.000000000
0.007731778
0.951844122
1.000000000
1.000000000
0.986216022
0.460566009
1.000000000
1.000000000
0.994752164
0.080197382
1.000000000
1.000000000
1.000000000
1.000000000
0.041249454
1.000000000
0.834872471
1.000000000
1.000000000
0.271806409
0.925638342
0.651678034
0.912969586
1.000000000
0.007585589
0.998644906
1.000000000
0.029631704
1.000000000
0.999928632
0.996267790
1.000000000
1.000000000
0.258595370
1.000000000
1.000000000
0.707032491
1.000000000
0.601900576
1.000000000
1.000000000
0.148077286
0.000050920
1.000000000
0.999974719
1.000000000
0.999851746
1.000000000
0.512128173
1.000000000
0.809441094
0.836560580
0.008970236
1.000000000
0.707160694
0.006972641
0.999957940
0.961595892
0.969961198
1.000000000
1.000000000
1.000000000
1.000000000
0.007654153
0.211688824
1.000000000
0.999619432
0.210513055
0.307732136
0.979884943
1.000000000
0.002301429
0.572790816
0.988395394
0.998899777
0.988717970
0.907247228
0.999998683
1.000000000
0.456489911
0.011732203
0.743757429
0.004263198
1.000000000
0.133765335
0.617776059
0.000100587
1.000000000
0.966100780
0.419836836
1.000000000
1.000000000
0.971439549
1.000000000
0.004554301
0.999381422
0.357033928
0.995496753
0.970799568
1.000000000
0.007668183
1.000000000
0.263707559
1.000000000
0.986938529
0.278154199
1.000000000
1.000000000
0.854858779
1.000000000
0.933532335
0.940885016
0.001730531
